2193
8621
4297
1524
675
3736
1012
7634
3684
5291
7072
549
3239
7053
7342
476
3095
8546
8072
2238
2144
2727
7076
5220
3315
2185
6145
803
3724
9871
9250
2564
3701
4842
8192
1564
7654
5719
3255
514
72
7439
764
1115
1280
3997
5334
5819
6406
9432
8525
8054
927
1240
5704
3371
3425
2833
5902
7217
6767
1059
3169
6307
4107
6721
6536
8669
4260
9229
7571
7903
5158
9871
6157
2648
9383
7287
1510
5141
7682
1006
9103
5009
5065
2388
2674
8986
6405
1996
9108
9594
3243
9743
5248
6767
5318
2458
3228
8562
7686
9015
6760
7945
6399
4626
4153
4961
379
9017
5196
869
9037
9632
5554
6589
7545
2902
5716
6562
6705
6586
9066
7052
2564
785
600
5638
4021
4088
2247
5534
3849
9590
9762
6026
416
2606
8428
7356
7042
6006
5718
4877
8945
7281
2029
9762
4476
8238
5090
523
4380
7414
580
3272
3327
3468
4259
1441
7815
3844
8888
373
3776
3027
561
9082
3296
6887
3996
329
2701
3299
1977
3811
5596
9134
5083
7896
5789
7840
8287
3723
6316
5874
2501
3348
3121
9004
7256
7877
3700
6764
7940
4262
2773
4308
2708
5810
2536
2648
1518
555
4769
8879
2824
2543
2009
4089
5694
4656
1777
9153
6567
5936
3040
9228
7672
6298
9653
4036
5574
2378
7626
4968
7526
3013
3072
8789
8818
9662
7186
8940
7114
8326
9838
1495
5976
1639
7428
7214
2965
7631
8497
987
5827
9498
9716
3719
6805
973
6136
9127
9209
4783
6796
7684
4074
4713
4206
1125
7121
491
6434
9062
2764
3439
7154
1443
6715
406
1112
696
3581
7770
6024
344
7071
7270
780
7291
6866
2801
903
9472
7435
2094
5376
8291
5612
2795
4912
8188
9603
7623
4516
7848
6638
8229
903
8088
5408
9731
9479
3169
1618
9997
3397
6946
9482
8285
1747
5697
2538
7957
2529
9353
6398
4266
2271
4139
9289
991
2631
7658
7099
8710
4349
1362
5288
2937
2947
7799
1179
9743
5883
6857
2914
9593
8966
6982
4262
3621
8637
9030
643
6443
1568
8952
9486
5209
4682
670
9619
467
4484
2008
9562
234
9694
6883
4248
852
1229
7555
278
1311
1645
3142
18
8532
2760
3368
1022
4935
9448
2856
3596
3849
1797
1070
9436
741
3433
6785
2110
5303
5464
3348
7784
6159
2609
6777
1038
9171
5571
6174
7097
2451
7495
1235
5397
9235
2959
6831
9198
9509
7900
4997
5192
9359
4303
4850
7457
3265
6736
2878
9265
9627
5479
2777
8662
7238
4395
7613
4280
6532
2257
3528
4981
1876
8982
3915
2924
2547
4021
8960
4005
1701
1706
8041
9087
878
1387
8106
604
3674
7487
1463
7033
7810
4811
2921
8915
6257
3163
3231
7783
7218
2419
4203
4086
7792
5178
6049
3784
7774
8437
1980
6745
4351
6891
3792
3106
3082
7882
2100
7786
1120
2681
1244
5975
4700
1904
9825
6671
3996
1002
8134
9329
2039
8006
2880
9408
4015
7512
2314
4265
9576
9383
9045
9859
7810
9159
1946
6112
2186
1775
8304
485
5312
9482
8361
9925
4626
9590
7691
2735
3731
1824
1009
1738
7826
3280
1413
8188
2479
3652
3091
6116
9242
3614
1433
4213
9673
2551
704
6770
5638
6019
4402
2774
873
7010
5339
5646
265
3553
9877
6026
8670
4387
8333
1413
3593
4744
1810
8409
617
8903
4278
6527
1537
1978
3644
6242
2543
5847
1069
9055
4309
2696
3588
486
6530
5780
2438
9343
40
2506
4615
3696
7331
2972
6491
9060
2038
9920
499
3896
1277
507
1208
8505
9540
1944
8595
1272
591
9214
6304
608
4844
231
507
2611
3679
4141
6426
8900
6495
3358
1668
4223
2480
1405
8595
8029
461
269
5617
8513
637
1693
4797
1977
2093
3094
3341
495
3304
3600
8888
3610
8627
9748
5306
7971
3383
2507
9352
9288
151
4440
8304
7718
4951
1961
3029
3128
2156
6930
3106
9370
1894
7834
7492
1849
2274
4818
452
8280
8419
7523
5729
6697
856
9804
763
1254
9712
8865
680
252
3972
1894
6476
696
7478
363
8238
2749
8275
3113
2429
1043
1256
763
1582
6420
3200
1178
131
1134
9245
203
219
9702
4875
6371
8150
3426
6177
7742
8542
7008
3350
9334
427
7638
6953
371
5889
3744
9892
8936
6981
1415
5885
233
5864
6462
516
2808
3131
3669
9709
1620
4553
8711
9041
7720
2382
9408
5384
2866
1123
3457
6473
2828
9690
2582
6365
9235
1855
6016
9997
8403
4205
9802
6035
5357
4886
8095
4482
2900
4314
4721
8568
705
3347
197
393
8885
1885
2838
3832
9214
6836
8616
8909
7421
8078
5690
2163
7588
2693
6570
1865
2807
367
1159
6604
5825
8390
2607
8968
5417
7463
1125
2649
3750
4702
4037
6375
1298
5901
9728
2524
5186
9495
990
29
8954
3634
5848
5887
1945
6055
8032
3435
669
6106
7924
4424
8656
1298
7664
1375
6460
3090
3462
3168
7628
2768
9847
1384
3398
4060
4688
1896
2253
5480
5918
6247
8143
5312
9500
7680
633
8657
6223
773
4545
1619
8210
9969
867
7665
626
2055
2564
5242
9189
6500
2445
3073
1977
1024
7451
3772
9581
3888
7446
2471
1140
5646
9079
7510
4862
7718
7519
743
1091
4632
1684
7432
3127
5914
7854
8790
9187
7814
5437
1955
9546
7235
4657
1474
5336
3592
6398
2030
7
8584
1639
4611
9561
7093
6861
9474
3038
5903
2688
6545
9573
9153
7713
2200
49
5887
3277
3848
6810
2119
8222
3219
8867
1319
5618
5572
3262
7696
3353
6651
2678
955
7937
2362
4938
1052
9820
2107
1066
7207
6966
8328
8530
4568
3268
6217
8669
1676
5507
5110
6548
7623
4622
7526
1362
7666
4552
8872
1065
7560
450
5285
6270
7175
6008
2778
6071
2525
6079
2586
7771
638
5172
1423
8966
1102
2822
648
3505
5116
4296
4340
278
2193
9521
5836
6582
1274
3668
4662
9279
1786
8402
5308
9870
9874
8500
5479
3914
2277
7429
1909
8776
759
5220
6547
3183
585
7171
6151
6131
5327
2724
6497
2926
9066
8985
5841
6257
8889
7512
6375
4473
7793
5552
6020
3736
7668
6701
5058
8458
5638
5424
6756
4619
934
2260
9928
3775
559
6913
911
2488
9786
7787
860
463
3704
9768
2390
2279
943
3847
4033
8683
4153
5308
3901
2462
5105
2747
2165
1874
163
9646
5540
6917
226
7552
8315
8496
3915
7800
1780
7243
7023
6177
8683
6690
4618
2436
5014
5424
6394
4467
1784
8915
1541
1472
5872
4880
3750
4547
3583
9979
849
181
3930
3120
2460
2838
312
2960
2461
1411
7026
99
1108
3674
1074
6807
4934
3902
9238
5603
8118
2415
8443
8940
5027
9665
9007
5822
5127
935
2211
4132
5480
769
7209
8328
939
1003
5039
1341
7227
7720
4581
2623
4222
9002
4446
7573
5378
4091
3711
4061
9092
4163
1172
9027
1993
8591
8145
946
2467
2553
5716
6001
6276
9511
3774
8457
7750
4256
2439
7426
4552
4521
4607
8397
5935
6867
594
7845
628
7203
3904
7917
7476
7832
9827
5512
3441
2307
6404
2155
3710
1985
6201
9394
1570
9235
9186
883
8977
3082
4871
6611
2650
7910
1608
1801
966
8537
2497
3143
3478
7998
1296
7998
2702
5708
1087
8819
82
1278
4491
9516
18
6515
521
773
5125
2547
5199
9893
6759
5492
4289
820
9588
953
7794
5763
9555
5696
422
4545
2058
2110
2254
6199
285
2280
6954
1549
6088
8664
6646
9405
8319
6340
1007
3851
8173
4682
2366
7819
4191
1141
2430
1141
9906
6599
3035
1160
8553
6461
8876
6221
9874
2682
790
856
3034
2382
5341
73
2231
6067
8798
5612
3398
4991
4132
8847
4052
4488
8245
2137
8701
8030
4960
5473
3484
6090
3931
5657
8853
7429
1168
3622
5449
7657
8116
9863
2988
5362
9291
9336
1771
2374
3404
1986
9244
4264
4524
3306
490
377
9672
2497
8059
9975
1423
223
2443
7263
8345
2686
5038
3040
1137
3948
9493
8284
9005
6341
3495
6473
2007
1644
3509
4053
9151
5994
9082
1458
7409
7788
7915
8242
7787
6099
2412
880
5369
213
2332
1609
2040
5021
318
2268
1025
9172
2519
4478
499
3194
1162
4795
6789
4916
8001
1474
6029
2798
9482
3891
5011
9813
6192
5640
4403
3475
7912
6925
679
6922
4409
5616
3747
7860
9745
9427
6166
6770
1867
4347
4537
5896
9347
2192
4776
3508
5707
291
9027
2613
1731
4657
5286
3483
8738
6952
9209
8498
8193
143
2571
4856
9273
9684
2905
8119
2446
2486
9249
1726
7280
6984
4312
3904
6444
4222
2484
7420
1882
2092
5231
8684
6516
3498
9317
3969
851
7118
6221
3062
5049
525
3824
9031
8762
6798
1048
4
7991
3752
6977
409
2706
2743
7675
6547
5851
2278
8385
836
8216
8914
3641
1907
6269
1409
5098
5737
6320
3960
840
14
5229
6885
4861
9216
5286
8512
4925
6891
8899
1527
3672
257
1147
2712
2815
5607
397
7047
5881
2779
4013
5626
3037
8275
4653
3701
115
4419
4572
5651
585
7974
6892
6317
4049
761
8572
9441
1201
2083
2217
8264
4912
3252
3694
5926
5287
1133
8657
8845
454
8010
6498
8884
8950
5973
5197
6482
3412
4461
1271
1711
4498
6665
3309
3038
9960
9913
7004
1446
1474
6401
4466
6731
299
5824
9822
5068
3854
7574
5267
6985
2159
6587
3770
5273
9720
1838
4289
688
1339
7615
8133
3488
7828
938
8804
5464
9199
9947
4601
9104
4393
6140
1399
3093
4566
2422
1923
5036
6946
2735
1672
1729
4299
1552
3623
672
4171
6941
2568
5181
5591
4115
5865
3766
7730
8754
9229
644
9768
8957
8775
1824
8360
1596
9855
7129
3601
1915
6108
863
8833
4862
8676
6518
4641
6005
8740
9788
5807
4927
4727
9975
3095
7833
1627
590
2053
5834
61
957
1497
3097
659
7960
3008
6320
8592
2144
4250
7371
8166
4955
8206
5372
1241
5995
6861
9584
6914
693
2814
3892
6635
7241
6884
7787
9171
8022
9926
3401
7429
4226
991
7468
7365
6877
9990
7177
7953
5872
7724
7402
6390
1076
8715
679
5772
2306
880
4913
1975
3206
8954
6743
8531
7562
4800
4395
6671
7335
6272
1082
5151
1979
7859
5343
4818
3120
9129
9937
6211
6731
620
6182
1189
7425
8796
1428
9177
1713
5411
7040
3634
4439
4430
5218
232
7906
5175
9953
9783
600
2160
7346
5366
1659
450
4435
5250
8420
5712
5638
6162
6405
4221
1772
8763
4088
7857
5797
4142
6589
5666
6409
2586
245
6518
116
6300
6897
5661
2776
6516
2588
9031
3622
6048
9721
5266
3746
2310
3017
4547
7739
3865
7713
9061
5190
446
911
3783
2877
6948
6337
5547
6921
6853
7734
6888
513
6528
5425
4814
429
3930
186
679
3308
4496
8311
4019
1005
656
6120
1721
1328
6697
4243
5392
810
116
5268
2597
7293
1579
108
807
1941
4053
1523
3261
9918
3184
6031
9896
3400
7333
2795
419
406
8831
9870
3445
3572
4529
1951
9050
5993
9788
31
7
3024
5653
4911
2932
7170
7891
9035
4972
2569
9145
8935
4520
7015
4964
3216
6999
8109
193
5080
157
4695
7115
6405
3028
3067
8430
3706
4133
2302
6074
1233
2913
5733
2615
7383
6304
1922
3136
3834
4718
3037
4932
4404
2607
6074
6077
7536
5410
6541
3503
2932
5007
3772
6835
2390
168
5139
8177
1797
526
7091
5526
4756
9917
8362
9724
9754
2001
7861
3691
213
1678
2863
3965
9768
2813
3142
2134
8608
1850
7446
6713
5756
946
7671
3171
3958
7957
2654
9573
2254
3341
5524
6480
1790
6720
6026
1511
4309
6427
193
6904
6437
2647
1011
8537
5422
8434
6162
8844
6532
152
4253
8957
5054
9081
6166
7569
2226
5893
9391
3548
3324
3197
2393
2815
9285
4250
7862
4391
1428
4288
3736
2056
361
9241
5504
9159
7487
8980
305
6611
813
2602
2924
6549
445
4923
6726
6334
6190
8411
5292
4078
7094
4500
7136
153
5124
7787
6855
3453
5110
3075
4118
890
483
2648
6123
9857
3790
4592
3690
2057
1410
8628
9244
9392
117
96
7359
8284
1933
1781
6247
7509
7214
5539
3954
1695
4023
8683
6519
4245
538
991
8759
2143
8780
5271
8984
4181
7756
6645
9919
2811
3903
3073
8757
1755
7027
4786
4377
9378
9141
1472
588
1968
4455
8591
1298
2246
9300
3882
8646
7651
9465
3930
1511
8858
4400
3504
2441
5796
8160
4041
8842
1232
1051
4806
9931
6441
7163
4517
1840
4111
6703
2069
2964
9385
8861
9040
9201
8751
1205
5064
8446
144
7856
9357
6058
7243
7210
9784
4573
2873
7151
7444
3224
5636
934
7258
1997
8929
4873
4173
3262
6233
5881
3229
5552
4457
2997
4373
9845
1460
6632
9041
826
6859
5427
938
2726
7998
815
51
953
886
4127
590
7737
135
6030
5693
6066
9587
3973
5116
6522
8885
5779
3058
7168
6281
4493
8045
8691
5482
8355
5606
5126
9244
2459
6545
1328
3310
720
2306
4434
8578
1992
1236
8097
6820
189
9437
3409
6113
246
6289
7331
4873
1572
8175
5791
7620
1382
1869
7337
8718
2109
4991
6589
5724
9013
1719
4895
3839
9708
8526
106
7178
4560
4817
1553
9161
1774
383
3775
7520
5818
4426
2577
6619
5624
4092
1608
8491
8779
7309
6349
8889
2677
9348
6584
4109
7433
8004
7313
4659
7945
8221
5360
1091
2502
7707
4486
3139
7524
5372
4662
6986
9731
8821
6
8834
8671
5718
7005
4041
9390
1865
3785
8295
9394
6230
2072
5332
558
8859
9610
7771
4115
3452
3606
7753
3078
6387
8947
6349
4387
7348
9703
6036
4881
3716
5408
6500
7710
2294
7262
2445
3336
2991
3635
715
7034
1951
4673
936
2409
6222
3862
4721
852
2455
3623
9275
4408
7152
3907
6912
6233
8175
879
8203
2785
8736
7101
2905
2535
2478
4445
3423
8195
6219
6868
9210
4180
733
9921
1445
7236
7840
837
1361
2027
1969
165
2181
9434
2755
8302
9836
143
3388
168
5805
9585
158
337
6423
5827
8646
1997
6683
1179
6235
4468
965
6019
4206
2285
2225
5396
620
7315
3274
1811
7406
7631
9469
7565
7612
6665
410
5489
1083
4910
7199
5660
2953
7539
4586
6743
1046
5159
3985
9591
5188
1008
5189
383
1933
1244
1332
7876
4849
4112
8776
3034
4491
7217
9973
4788
6615
6628
5979
2821
2729
6171
1727
7081
4389
5674
352
922
392
1407
9439
5519
7938
7524
5099
707
1616
3624
2169
6260
7216
5915
109
7858
7867
731
6037
3985
1424
6672
2222
1521
525
8125
1582
4095
7572
3577
5635
8083
4241
6076
839
8549
3949
2208
3292
4824
199
1111
1828
9768
7335
8498
1118
2655
3866
8315
6220
9311
3089
8364
8377
1382
3852
1297
364
6701
2618
7442
4652
7443
1369
8654
9521
7300
9882
8597
2453
9182
9189
1361
752
2464
3259
3860
909
2851
4470
7009
4660
4028
3424
3736
1995
141
2415
5727
284
2898
156
5387
3403
7033
9698
4438
6377
5318
2039
4953
10
9906
5502
9241
3106
8922
4036
4965
1370
6416
2407
5098
5598
1812
3440
1204
4586
6838
6583
6487
1346
127
92
9712
6943
8350
6434
3865
8259
8920
621
5129
4461
7828
5902
5132
2587
5333
3571
3224
1697
2212
1213
2656
5898
9622
3735
2388
1043
4061
671
1981
4761
5250
4459
1249
2850
6712
1903
9795
838
5810
8476
1860
2132
1672
6610
4952
3089
1520
9549
3344
2208
8897
4419
5690
1477
6433
4716
9512
5009
3736
8860
584
3324
3698
7491
5932
4536
149
9981
8130
1852
596
1282
7367
6297
2145
7474
5660
9673
1057
3757
2981
5453
3658
3037
425
4534
3616
3818
5475
1368
2939
5704
6874
6884
8242
1017
6160
3619
2417
326
2235
2799
4974
8580
1039
1742
8263
2789
5329
4112
1137
7799
261
2220
6694
7563
6001
6664
5354
7071
2381
3997
6596
2658
275
2925
3714
2951
6912
4440
1312
8368
6422
1618
6412
8164
5285
5659
4359
1733
249
8248
749
3003
7788
6617
2487
7219
7262
5591
2006
4620
9483
1278
9500
2286
7176
8690
9149
3811
5395
5520
8506
6639
1861
8372
1056
9769
5674
6120
3279
7898
2915
5136
6880
1312
1317
8523
6767
4014
2747
4171
167
6472
6996
3090
209
9169
5129
3435
7723
9167
5319
9052
5979
1898
4663
7275
1757
5378
9920
4691
4377
788
1205
7155
5928
2987
5428
6910
5508
3433
3955
2225
4142
2344
3597
6910
3942
5999
8160
2993
2905
5534
2022
5357
2207
6666
6397
4930
9510
1279
6206
8895
3571
2026
7038
5771
2573
6796
8906
2082
3787
1188
3071
8473
2965
3540
4259
5698
2525
2699
652
7658
3440
7173
8902
7532
4847
1398
3417
2391
360
4808
3328
82
383
199
7637
2994
3200
6835
2283
683
8565
2221
7161
5006
7132
6297
570
6860
5238
906
2545
3672
2248
2799
1026
9973
9120
94
9368
3762
7077
5247
5486
6661
6216
7565
2673
7670
9540
3449
4719
3366
267
2148
651
4047
1141
1130
6310
2332
8943
7003
2067
8132
9029
3860
179
955
7582
3448
7073
3123
4413
3566
8710
1135
9892
9732
998
8494
2526
2887
2723
2916
1959
8926
2069
7021
6005
707
7432
9611
8152
5738
6763
2439
8115
4352
4809
3395
6821
5111
235
4406
6006
5079
6002
5794
3304
6746
8021
4343
665
6224
623
8867
3477
7582
9918
3785
7959
4339
1328
7057
2198
7941
2492
6431
3104
6587
7917
6110
1545
7751
363
207
9109
8506
9686
6264
5095
3452
5366
1465
6705
7575
9356
8601
8049
1477
3238
4890
7734
4832
7761
9407
2418
7724
4402
4113
2635
8160
587
8064
683
5491
9499
2475
447
1325
3543
3479
7353
2594
3271
7550
2859
1114
8650
3143
4665
9414
2880
9176
7280
9685
1565
1309
4790
5338
3986
2393
6946
7347
5287
4891
6237
7930
6073
7994
1369
928
3344
3591
6398
4003
2620
5557
7115
5470
1743
3980
2730
6348
7476
646
2421
8929
3203
1004
5027
4696
5458
6415
4278
2451
3169
6653
3099
9279
6596
1749
2919
7042
7821
2473
4770
7602
9774
1091
8780
4528
2113
5449
6724
5350
6685
2390
3055
269
7208
939
3126
8246
1917
9004
4596
2995
2993
2680
3795
4320
1860
2328
7133
6852
195
9292
5324
2154
3314
8127
3831
7871
1265
9716
9735
22
7107
2419
6640
6208
2342
5975
3802
1651
6166
1613
8756
5540
1957
7986
502
6705
7533
8202
2577
1085
748
4815
1805
7601
3966
9866
2088
2077
9780
4467
5404
5270
1795
9227
2355
3588
5262
6425
2432
4081
5972
5320
2472
6608
7067
4260
3094
1253
7302
4714
8974
6723
574
783
1610
4720
5898
9690
8914
8149
4357
3353
9653
9471
8029
2151
6883
4292
9548
9683
1489
7330
1159
345
161
8283
1137
4340
8402
6507
1635
4954
3343
9445
9595
6905
5812
986
9107
4841
5156
1224
7697
4355
1790
5435
9807
4761
1947
480
8549
6031
6796
7438
8526
3798
5198
7725
256
1715
4931
1559
8844
880
7926
8271
6299
872
2431
1625
2705
6839
2563
7282
7769
5251
9159
8008
6567
234
935
9677
7973
8918
9170
5644
6521
5792
255
6637
2814
8945
9357
13
5318
5278
7104
5929
5061
4208
7753
3648
9929
487
6829
8861
5224
4585
8948
4293
6810
2698
6691
8631
5752
370
2310
1447
4205
3150
2786
5174
8162
7769
7659
8108
4405
4532
6635
3242
6961
4590
2107
6356
8976
3787
8984
1141
985
4738
8890
9020
6314
7187
7272
9287
9813
6867
7557
5314
8445
6438
3085
1431
1607
4086
9674
7970
4109
6349
9360
3251
7053
5729
8979
8191
7117
1805
7415
6292
1202
4249
7139
7218
5233
3118
340
6899
8868
343
8371
9992
5409
2049
8123
4576
6732
3982
6944
5001
1017
3540
3320
2409
3632
1247
9632
1490
9120
5194
7420
5260
7246
1101
8142
5399
9220
7505
542
2394
6631
7338
5973
1531
7303
4943
7489
4589
7021
9663
770
855
4046
3727
8257
9117
7412
5412
5556
5896
6993
8418
6202
3978
1910
8459
7762
6590
6095
6026
3054
4541
8124
5904
447
2586
8847
1005
1446
1923
7189
4477
2605
1114
4352
5364
2542
6956
7700
7890
4139
3972
342
1055
9189
8965
6783
2634
9514
594
4140
3869
7237
9191
2476
178
2001
236
4598
9690
1420
2694
294
1099
4505
3865
5549
882
4907
4336
6852
7006
8904
5700
311
4145
420
7699
1875
580
3255
1602
3633
1478
6999
6628
3948
4227
6917
4571
1254
1841
3204
6233
2760
7457
2059
9397
8283
3696
8108
7521
772
8908
9825
6469
5086
2927
3469
498
979
486
6008
5982
8222
1952
9397
7420
3875
1803
6641
2501
1494
9052
9800
5851
25
461
3410
4007
1027
1741
6696
6629
5510
6154
568
7779
7538
7790
7524
6611
2052
600
4493
394
7324
615
8956
8784
6363
8329
3014
4981
3486
3584
4882
3671
4209
6827
5906
5877
4117
1893
3740
3653
9411
2469
6643
5369
2510
7588
7534
5767
8808
8260
324
4232
1942
1392
7997
6792
6321
5889
9924
8865
6003
1801
202
325
492
3032
4097
4766
8849
9574
7981
3439
5204
6468
3871
1247
9088
9737
9194
6128
1727
2469
6976
5547
340
5086
6340
2320
6875
8310
442
3006
1755
4295
7990
9865
1282
1473
2343
7868
145
7355
870
8802
4059
6482
8105
2856
7414
9927
9690
2392
4294
3387
5558
2101
8427
9487
2002
3166
2657
5442
7711
5689
5853
108
6235
7779
5361
4535
1720
9781
5674
6371
6381
2485
9730
8565
1573
9619
4913
9293
2497
564
4231
2950
1369
7915
6002
2518
5759
8289
4258
3313
2048
8131
3083
7841
7745
7657
691
7549
7339
4667
6615
8057
104
9679
1458
9794
3769
2634
6545
848
1102
6470
388
5597
5778
4986
7084
379
3725
9955
3391
6434
6195
2424
8044
4916
4195
5528
6583
1681
6793
7880
1796
8418
8064
5402
1887
3897
261
7897
2258
2794
5355
4804
5985
3085
1596
2778
836
1562
3085
8755
9142
9182
676
1611
8764
8094
6882
1898
5917
7844
7228
4055
7254
7232
2018
5755
7791
8585
6296
1018
5638
433
2076
2769
2748
8725
864
9336
8995
856
8239
4420
5393
5460
9567
2143
2598
6093
9501
1967
9369
9280
38
7905
3483
6160
4175
4033
1656
5810
8874
7874
4138
2797
967
3029
2013
3536
994
9315
1966
9032
4055
6798
4137
926
9834
6237
3705
3761
5631
4453
2622
1509
7051
6166
3861
8866
3445
4313
1833
1346
5539
6909
1036
6863
6420
6439
5238
717
8878
4423
6321
8011
9795
4218
2179
364
876
4836
6408
7988
4512
3987
5220
6965
7107
4032
7572
5729
439
1735
3934
8962
8351
7502
3984
4585
9195
1443
537
6648
4976
9493
2694
379
858
9543
2808
6184
4662
6403
3755
9525
9212
8325
6674
1673
7105
9788
6509
7218
2135
6593
9352
8031
3039
8854
3431
408
8400
5410
7915
1312
3207
8398
1864
7548
1408
1234
2320
3939
430
4218
4035
644
8804
1914
829
1459
9118
851
530
6282
4137
4060
3698
9597
6154
9681
8922
1579
806
6116
9195
7265
4987
9773
8317
3440
667
1732
3928
6770
1724
5178
8860
6792
9985
6207
3217
8781
332
8602
5365
2409
7445
4789
6144
5307
5035
3279
3887
349
9942
5474
6164
7604
5781
5491
7728
9362
2003
2809
9008
2437
2120
111
3135
4866
8498
7909
6196
4081
8635
2338
3251
9036
9701
6223
2898
2584
3235
6115
6758
9008
2222
3537
1253
9442
7608
6605
1023
1217
3788
1810
834
7449
8768
9049
3161
9062
554
5687
5363
8860
372
7860
675
1278
2905
6247
914
5837
6352
1554
8008
4489
5753
3709
9266
1567
9397
8586
6093
6132
7193
6003
968
3714
9502
3423
1711
6190
985
8107
3095
2626
7170
8160
3899
9494
6186
4981
2849
9786
9987
7898
4559
94
612
9534
5703
4532
7133
5042
494
8905
6141
8054
762
1579
1787
2009
5006
3455
4217
4555
6304
3131
1852
3720
9140
949
9823
9151
8714
8500
3270
788
8118
3002
3365
1853
6997
8663
8801
4783
5574
4893
5033
8810
4532
9510
2580
4899
1097
707
1850
1242
5297
9834
497
8675
3445
143
4951
6652
7323
2542
7661
6372
2236
3745
141
803
6065
7464
5286
1114
7807
5426
1156
7458
1696
7469
2229
5003
6356
356
1179
6826
8250
7047
8121
274
6961
5197
3571
2787
1005
1275
7015
9113
3762
652
9014
3875
345
7633
2089
6033
3356
7356
3335
2219
6038
7726
810
6203
3742
3464
6482
268
4748
3375
2480
3299
625
2148
4744
5360
2703
1955
5294
3485
636
6243
7481
5599
4066
9658
910
1295
4242
8142
9444
4887
5055
8629
1131
2384
2562
5009
2311
4034
9846
6275
2815
5801
9138
7890
8751
9878
5081
2236
5385
5691
544
9018
7299
5600
8449
9221
5705
3592
3931
9402
6576
2207
2716
3546
6499
1165
2873
2904
1627
6776
4119
9090
3937
5945
6684
5549
1329
1366
8660
3545
1005
7119
355
9227
3165
2819
1266
6502
6329
7653
8777
2769
895
2971
1628
7907
6026
6571
6349
7505
4397
8616
7154
6237
2775
7449
7364
9524
4848
4469
5171
2391
6850
8674
3985
2084
7570
8280
840
9219
7790
9143
5222
1807
1227
7190
4417
2077
9575
7250
4469
468
8459
6660
8432
7326
3678
7302
3972
2000
7876
8581
6926
2143
1183
926
9969
5066
9673
6135
9389
1801
4704
1707
2599
5177
7673
1062
5015
2034
1460
9628
4201
3288
3133
6622
8092
8165
390
1487
3900
6110
3814
2521
4411
7951
3658
7377
4655
4717
8734
8637
2641
2551
4819
8996
2614
2653
6908
9365
2728
7286
1228
4003
6945
3572
2996
7838
175
8468
4731
6843
1941
1093
381
5273
9740
9277
4039
1611
7916
3466
800
7401
4433
7385
3926
7896
5732
6595
8111
1758
2897
790
8209
2312
7135
1140
5326
1506
1274
3386
5828
1975
7407
4285
4761
8422
7209
4950
2955
4999
567
5191
8135
7418
7670
828
7886
6295
1245
2347
2412
6047
663
6997
456
3737
902
4395
1041
3598
6392
8212
1888
6840
7072
5201
8881
3478
3444
1391
6369
7917
936
5574
3421
9656
7838
1036
6865
7134
4312
1803
7229
4252
6710
6331
8125
3087
6182
8364
5861
1113
513
3857
7247
9673
292
7215
5160
2778
9
4549
3202
7061
7292
1300
8470
7901
1130
5186
4894
2912
9751
7481
184
1292
7841
8537
5411
2188
453
8166
574
6376
3687
5838
2875
4098
4930
3841
4649
1687
6385
7118
127
6683
9046
4607
4698
3239
41
523
8975
9465
4330
8812
3656
7842
2048
8228
3918
725
9767
5942
5775
3299
6451
8252
7105
7385
9006
8266
10000
6666
3414
8137
845
7931
5551
5050
6558
6872
7760
7054
1902
1168
9111
9958
291
5651
2325
45
9167
4026
136
7556
8321
7516
6410
305
7967
808
6649
4833
9303
4867
655
7044
669
8209
8753
9279
97
9750
8670
9512
4741
2329
4958
4311
6905
7523
231
5512
5397
8084
4862
1600
1084
8805
5166
6687
479
8979
9518
246
7903
2136
626
7472
3080
1064
9922
9872
4039
6587
3766
8993
9964
7139
7820
825
8477
6557
664
3856
988
3629
5092
1267
9919
5275
2373
7465
8073
7423
4089
7298
4360
8393
5416
7020
6319
8051
2395
1170
3139
3696
3104
2325
3496
9425
9522
4699
5977
1748
5208
9562
8424
7543
2657
3168
5664
5562
3563
8255
9894
1718
2357
4569
3169
5540
7592
3308
7217
2501
5776
2054
7011
2284
1174
9522
4046
1609
4001
593
1682
508
1485
7915
5671
2576
6098
7002
4979
5442
7733
6625
8647
4506
7440
4495
5909
9098
5962
7097
5322
3595
3184
1255
8153
7443
6992
9577
7948
1979
3197
2481
7509
2511
7198
7726
6316
5545
5087
2615
700
5444
9071
5629
2719
1895
1069
9476
8604
1003
1950
6689
3924
3608
3553
2159
3374
3525
2975
3638
3507
7287
3286
1665
3226
658
5859
1227
1988
5137
204
6997
6427
8513
6846
8010
7437
2069
170
59
4485
2515
6062
9982
5178
1043
8455
4343
8654
9543
802
7694
483
5746
46
3334
9737
6118
7899
382
8123
1811
5323
7726
7292
8516
8658
2483
3093
6608
1695
624
4242
3381
2270
2396
2988
7662
3255
5550
4686
1920
7966
5981
313
2624
5009
4699
6614
9593
2646
3729
5931
9754
3523
5776
5554
9326
6869
4606
2795
183
8992
5123
2061
1569
5178
1895
980
2893
2035
8304
5352
3862
207
6573
9667
9638
8217
7988
3726
5853
2387
2994
5563
9082
453
2962
132
531
7326
837
3439
3377
8589
540
5186
6017
7413
3108
2408
3516
771
1395
2843
7877
3467
5908
4380
4055
5827
2588
3889
7951
3723
4229
2717
7102
7871
4206
7488
6302
1077
9572
4146
6076
2946
981
1327
4672
6984
3663
8887
5791
3481
2749
4248
9901
2610
6661
1242
366
8074
4335
8622
9922
7270
348
7504
9411
2358
4153
4390
1914
9026
7947
5915
5492
3499
77
5713
1323
4968
6299
3697
197
3903
9494
3607
9800
6218
6308
5353
5031
3737
3771
6976
7640
3270
8416
1995
8215
4517
3194
5591
95
8509
3858
7456
2353
883
2144
91
1611
1763
4714
1668
7971
8613
2979
1156
2321
8197
4662
4431
7482
9029
66
3975
8456
9685
7579
527
7428
1482
3083
9204
9280
2611
2077
454
507
4837
3377
8602
1511
4952
3367
7283
5022
8054
9411
9850
7822
5292
6709
8308
6646
3266
1551
4051
4409
364
5427
6942
9518
6927
2884
1061
8706
1297
6141
5728
2708
5029
2742
2723
3993
2398
2690
8286
6346
4943
3568
3458
8588
7020
2495
6738
601
7525
256
1498
5534
6093
357
3368
7517
4449
1966
4860
2039
8348
6892
9571
7504
2713
3584
1074
8623
854
6691
6182
5883
4690
9634
5048
795
2460
6348
6525
5219
6887
9029
6358
4007
6265
2977
3461
1240
2182
8433
8102
489
416
3724
5252
81
1360
9869
9016
6313
9879
9741
8155
1575
3008
4648
7175
9817
590
7309
2368
8912
9983
2768
1048
6765
9577
4942
66
7339
2948
509
8525
4399
9149
8812
1276
4873
6002
9433
3198
3510
5033
3219
8886
9765
8623
365
2113
7506
3331
1852
452
9161
6881
1480
2663
6545
2868
1929
9544
2803
1956
616
3107
9960
7922
7712
3316
5102
5109
2679
5196
2865
7746
2688
8960
3284
9951
2163
6121
8296
8849
3981
6920
5005
4837
8490
6603
3685
1640
9427
5134
8479
7214
7840
6098
6765
7676
2808
6141
9662
8702
2243
5839
3067
7668
5397
2178
7499
3933
4481
779
9935
6425
8922
5301
2193
8933
490
6367
9610
5703
1686
1571
8649
2253
6639
565
3140
2656
6213
3576
6962
1133
365
9038
6709
3430
3837
8712
8567
189
4306
9450
395
6104
8552
9678
2673
2466
2900
5556
7057
2722
4416
8595
6924
6319
6004
4447
8855
5569
1878
849
7283
3753
104
8229
5895
2850
3597
6527
4687
6986
9406
7259
2630
6336
3836
6783
7750
9913
7566
1684
7401
7814
5434
6215
5952
770
4125
7539
6733
8819
5398
3689
1278
1324
1485
5781
4250
9495
2604
9155
9614
6175
2183
3907
5767
7846
4012
6386
7624
2452
3787
9327
9570
7599
2983
4642
2440
7589
7388
5237
9028
467
8141
655
9671
2858
8036
4187
6705
761
4439
5924
3351
1876
199
3022
4108
5285
8292
9963
5300
218
1228
8465
6846
743
28
2236
5181
8519
5146
4642
5247
6610
4196
117
8779
3037
3051
8956
1715
5573
2572
4362
985
9924
8004
2449
4711
6654
3731
935
854
6598
9907
6655
6380
7506
8468
9168
6367
7989
7017
2202
3464
4986
7906
5665
3304
4007
5661
4014
6825
3645
7465
8648
1355
6491
1229
1450
1484
6162
4623
8249
1162
2042
6016
1121
2080
3722
1383
8082
104
966
6058
8870
4447
4680
1108
6426
821
9159
788
6958
144
6055
2679
7149
7916
9282
9653
3870
8493
1053
228
9080
9249
2000
4234
5271
9271
4648
5165
8525
4240
6040
9739
423
4135
5284
200
6177
2986
6675
2698
9185
7608
5673
747
355
9199
6274
5089
6194
3365
4305
7448
9337
5380
4619
8803
1465
3084
7602
78
8070
258
4581
6906
3446
9822
7964
9569
2720
2361
7554
3703
7480
2622
5516
7976
9818
8654
9791
3818
6920
230
2713
7198
7328
987
9313
9369
646
6335
9931
2810
3685
5629
7167
1471
9984
2560
7695
5562
8506
2859
2715
9357
2441
6842
7584
741
1178
4304
7136
5185
7375
993
1579
9305
9000
7207
2113
6498
4611
1302
3803
341
8292
6010
3425
2738
7370
6360
9532
7460
9679
8691
2741
2445
8423
7
730
2111
5354
4165
9196
7600
6594
3779
6483
4712
7632
3574
8086
5955
6575
459
2481
6191
8578
552
5322
8372
2194
8813
6277
2836
7716
5136
6031
1792
5021
7183
1207
6885
3004
9454
6226
153
4211
5638
9580
9118
8470
7593
1722
941
8960
4953
3134
2560
3541
7826
2832
149
2576
7867
1907
8784
6769
9558
1851
8808
3372
8964
2885
4332
492
9823
1556
9744
2125
2187
9548
7294
7682
499
5732
4982
2317
8855
6772
2960
9120
6108
1426
6808
5756
7486
4460
640
6480
3128
287
8881
6511
7827
3144
5355
6220
7460
2294
4513
1101
3537
2017
8433
6560
5077
981
6836
8249
7262
2362
7928
6845
9524
249
565
4308
2852
3615
8776
1141
4167
2017
5194
8361
8983
4390
3077
8165
1583
198
8500
9837
2575
3803
4987
2071
615
3921
3557
2404
2550
8138
3289
6794
7410
2300
3451
5493
6521
2704
5254
912
1108
1226
7092
507
8573
2201
5657
8490
2726
6857
9912
4610
3650
4448
1565
3863
473
4364
7569
5917
3505
6023
4395
4453
2946
6045
8038
1763
4888
9926
1981
7381
5337
7139
3940
9389
9356
6066
6552
9145
8369
5123
8696
9556
4753
311
3754
6983
9918
3384
3877
9105
7560
7057
6042
7001
1819
827
9279
3523
5301
4202
6072
4555
2292
9173
7464
1679
2573
9090
8697
3338
788
7612
2852
1098
7977
5019
7152
4134
8256
4895
4180
7767
9361
8571
2136
5616
5560
4742
7241
7958
6879
7086
4050
6724
9822
7187
546
3299
3802
924
611
2533
1626
7869
4527
6000
8025
8989
2021
1733
9135
806
1771
9347
5645
9191
8715
7782
6558
3786
6076
9675
5276
414
843
1681
7327
9617
8723
9378
6846
1693
8997
6729
3603
7920
905
5791
1166
4731
3222
5108
2756
5236
8636
7737
1001
2173
3100
7387
1516
3941
8582
2186
3064
6366
1592
6813
8579
4731
779
5240
1486
635
1151
4535
6551
9768
2426
703
7994
4045
3667
5838
4249
5404
7271
4391
116
1819
1177
1148
7053
93
8744
4286
5484
7151
4649
5502
1126
3922
1662
5321
2704
9615
9663
562
7287
8999
7382
2897
9664
4589
9920
9272
3433
5895
1739
2882
8540
2170
8314
1469
4036
2670
1718
3487
161
6708
9512
2690
5077
2114
4145
204
4444
5152
1838
788
4612
2687
819
8809
1371
7116
3081
3599
7114
7611
6954
7462
1499
7166
4112
9341
4589
923
5424
3132
6408
5041
5490
1419
5485
7047
847
2337
9045
2488
821
1648
5955
4787
5480
8383
9197
4853
1114
2756
4778
3739
4248
5967
4035
2370
6574
7166
3510
6058
6243
3590
4460
9328
1999
1852
8596
8838
618
2858
8897
4134
3795
2459
9344
6688
294
1086
6032
768
3877
3223
5434
6897
8363
2409
5253
7156
5996
5694
5611
8834
1400
4653
1828
4689
4545
4417
4268
2438
446
6395
2741
827
8392
7189
6477
1980
4632
206
7656
7046
1964
574
1966
6491
5380
82
4055
6344
8732
637
8757
4909
6837
1521
410
487
6863
9271
4267
7772
6799
3323
5114
6163
2656
8332
9911
8553
2556
7891
6113
6897
312
1378
6596
9377
4459
4937
8137
4176
2462
2981
2339
3037
255
408
5545
8774
9186
718
3762
247
5364
8111
908
6577
4077
805
4300
3626
8356
9636
974
2099
3042
8300
2653
9870
1377
2218
896
1091
388
5189
8585
5612
3813
9441
6028
8799
7468
7985
6099
9290
4388
4514
3951
9573
9820
2555
2099
5283
9617
9391
4664
3595
3850
1535
6060
1218
6341
3988
5207
5277
8916
4503
2856
3760
6151
1532
7346
8387
1043
162
8191
3086
7360
9311
8688
677
920
8432
9047
7810
8758
553
8335
5329
971
1203
5058
5563
2467
6439
8301
7129
3078
1601
453
913
9982
4049
4332
1227
1502
962
1859
1118
2872
3919
3331
512
3624
9629
9997
6353
8043
1899
4781
6721
8020
6417
7439
6869
7348
2605
5892
6434
8523
5258
345
1080
2238
8479
6622
6615
3338
3689
6256
9356
7485
6201
2481
5513
4246
2010
2775
296
8306
914
2572
5229
1358
5559
4451
1502
2603
7695
5428
3927
6624
3954
2051
4626
4981
4664
5432
4112
3514
6456
8541
101
3975
4527
861
2305
3466
9219
7851
2407
6269
7111
8407
5929
9086
1107
6603
3
3307
3114
8306
6373
8032
2667
9967
4336
9349
8511
4109
2385
4296
6194
4227
1250
4171
7263
1650
7857
4242
5574
5064
6028
986
7045
6457
7727
2048
8555
9604
1645
7743
8311
498
8946
620
4790
7762
6213
2850
6755
5091
178
8020
9104
8372
9832
3227
3449
8107
6693
4238
4294
7483
1225
8528
6874
2282
4689
9663
4063
7317
5107
1918
7658
2884
367
3244
9786
3566
7880
3909
340
8706
1687
5072
5593
4916
8513
6087
7156
2123
3403
1360
904
9384
1301
8298
980
8450
7106
633
7242
9168
4216
559
3463
2847
4567
1085
4244
3966
6967
900
3028
8138
679
6571
6409
9440
6961
6365
9657
4261
5420
4294
4771
4375
8330
1443
4263
427
5435
1923
1296
3776
9001
3308
3509
7295
40
8078
4121
193
9923
7083
8529
6033
3985
2353
8797
2254
6505
852
939
6240
2292
813
3895
8782
6117
4990
4680
8437
311
8541
4855
6979
7239
9041
2993
3500
2384
8526
6796
5681
2212
539
9545
8055
3741
1430
3096
1148
1341
8118
8257
3132
3137
7167
8533
3150
4034
4375
1702
1850
7501
6002
2799
2606
2459
8698
3873
7201
3712
7516
7044
1590
4420
5473
400
4375
2686
8852
8696
9012
7754
9959
1477
8626
9423
8363
1316
1971
4128
6969
8911
3907
3684
5925
6310
707
9501
9794
1418
3420
7253
7713
2140
9996
2744
8637
9400
5117
4429
5225
2842
858
873
7913
7909
4379
3871
3898
7369
8899
4637
9693
6632
8765
2496
5032
9788
6251
7213
7325
3594
3287
3228
3421
5115
3537
9657
1529
8645
9687
1391
8696
1546
2499
6702
8870
355
8333
6375
8167
3749
1157
4116
1989
330
2799
6039
4342
1550
7499
4201
8875
4019
7442
9416
3110
1148
102
2678
3080
7714
5283
445
8086
594
610
6970
8560
2225
7568
9246
3723
3625
3197
673
3936
3342
3527
6242
93
1519
995
2857
2889
5073
9148
734
2525
2526
5163
5690
5107
3179
1019
8419
9932
2119
4753
3402
9967
8184
5094
5873
6977
2704
823
8355
2534
8422
5284
7989
595
2374
9383
7682
7208
1977
805
6007
2318
261
6219
8756
5410
3408
9382
4396
4427
5933
8864
2814
9512
8944
9375
8922
1239
9745
1783
3276
3980
426
5419
8619
2086
986
1986
3635
8132
1584
2800
7227
1127
3543
9430
1104
5978
3083
2310
7041
2662
8528
7344
441
5611
1444
1109
4826
6284
8467
7940
1934
474
6077
4064
198
1554
8967
828
4019
5671
3791
6346
8858
7988
9899
3565
1249
3472
7079
4248
6758
1575
1300
2511
3045
6669
8369
1165
7145
629
956
4942
9874
9577
6843
2451
6160
6795
8787
2709
5986
9716
4844
9894
5945
3033
9677
9241
9219
2395
2238
1450
2948
4279
241
5734
1943
5141
9967
1694
1516
4289
5853
1075
2631
8224
8255
1260
4580
8300
1986
6400
4101
1682
2767
5049
9697
7956
6730
2595
3450
8002
7023
6758
9064
1683
5216
9688
3496
7422
9022
5357
6341
7985
2785
2306
3980
9096
6936
616
8703
9276
8707
7148
434
2391
4976
5945
858
827
1513
8016
7582
100
623
5280
3077
4582
4318
3342
449
5110
968
919
3708
8009
1608
6084
4717
6687
3545
877
7162
4353
1210
1601
8127
7769
1518
2349
3794
9349
8955
7425
2637
7822
845
6161
5325
8207
9096
1759
5320
9639
2548
8674
2802
6094
5043
9291
4913
5399
5620
3146
5837
4476
2614
3927
8592
5637
8492
2566
9933
5324
8809
6260
8854
5009
1085
3760
285
7737
9088
7102
3242
5202
4698
1248
86
7273
7300
4002
1613
2557
2866
7876
8748
1690
8300
6574
2374
2480
6124
300
1864
7483
9595
8882
2621
7733
6230
278
577
261
760
9026
9079
8802
7390
5655
2679
4841
7652
1977
1908
3562
286
5162
7266
1639
2690
9425
9756
3841
9901
4325
6120
3903
9135
9880
1410
5249
5166
5735
3030
2664
777
7722
2676
1777
1279
1809
9618
2217
5389
6171
8092
467
7759
6320
8660
7897
727
3775
6216
3872
394
1099
1022
2522
2552
6533
1894
7425
5338
9043
3833
779
7577
4372
8936
8709
5834
8209
3533
7723
2086
5045
4201
5548
1763
6021
2557
3444
7290
1504
1270
3616
1679
3698
9598
9015
1607
1375
1874
2127
6708
3763
2932
3201
6761
6049
7551
1977
2318
6202
5629
6489
836
1632
83
947
7321
2303
8528
1652
8061
1713
3598
7522
1709
2975
970
9160
5186
8778
972
3024
3944
7564
4878
7017
5725
5576
42
8782
269
5853
6461
2889
6041
2793
331
6946
957
2170
3142
1734
6304
4042
2494
4780
2535
3476
2217
6300
5041
9394
1225
2817
5531
8981
6710
3238
2335
9872
386
3161
1705
2008
5495
7493
821
969
1869
859
423
5466
8340
9731
9915
8290
9065
8453
8964
6741
1172
5526
2884
9321
5409
396
7778
5981
9257
3121
9865
4765
2934
6385
2828
1150
9867
9739
7900
2437
1395
9454
2654
3091
4647
9002
5743
4323
1073
9951
5732
5134
1539
8359
593
1918
1281
3982
5081
2249
7819
1247
5685
3365
8285
9348
3666
8973
8254
4393
8285
9266
4605
10000
3332
6455
5167
3149
688
3311
3504
829
9636
4285
7807
1777
8806
9103
7066
6830
4136
7617
933
2586
3869
6809
9726
377
240
9606
2994
1082
6949
4519
6423
3793
7476
3118
2752
1968
7670
7111
9310
620
4383
5689
633
4045
1259
367
7271
73
3800
4695
8763
1557
1352
7221
8393
7968
4981
2495
5201
4780
8680
337
5268
7085
2848
300
5259
8366
8085
6864
3265
2675
3302
4239
9127
5152
5228
3586
7740
7571
2095
1740
761
9502
8564
1124
754
5768
3637
1253
4211
3093
7730
9981
7350
5921
9504
5139
8938
4035
7743
5232
9153
6689
8199
6114
4258
6100
9630
1055
6983
8035
4165
3958
5066
6950
488
9522
134
1017
7503
8575
7697
463
1885
3004
3753
2068
4092
504
1101
4434
9666
7059
5953
6400
3248
2032
6948
891
8817
9827
4837
6758
7657
4578
6699
161
7206
8214
4583
5973
8797
2365
9761
6221
1755
2293
993
6864
3080
8554
6023
13
2663
2412
8554
2132
1560
2629
5711
7120
3742
5081
9499
309
5215
2682
6350
6551
6827
1089
4927
3579
9411
3922
4300
7283
4909
6393
7315
2184
7291
4057
585
3862
5398
7513
1736
4428
8577
5905
8691
6057
6556
4773
3927
6639
4629
670
3450
9195
8840
4192
6314
4073
9617
8879
1774
3749
5517
3265
2289
2370
6761
1328
929
2531
7195
9656
6830
1961
2535
2050
9642
4644
227
4982
574
3664
1739
4345
8764
3732
8153
2591
567
2822
9517
1597
9501
6608
5253
9945
6824
6963
7275
9005
6418
4755
9677
2004
5390
3011
2260
7404
9950
6161
6654
4443
4725
9094
8827
1494
9183
6620
5505
9165
3241
2827
6103
3137
7720
7394
762
5016
314
9174
5805
2582
9708
2027
8528
3088
2502
4400
1982
8390
727
2740
5650
8804
3420
6073
1127
1751
2626
610
5251
5003
9255
6540
239
8936
5238
2702
5798
8147
3955
5784
9087
394
4422
2063
9004
3572
7196
1636
3129
7305
3493
3846
8763
7555
7079
2798
9134
4105
3874
4780
5643
130
9317
4331
9797
4485
2760
4108
9685
4578
7285
6999
9635
148
1342
3945
8044
5726
912
1979
17
8804
1638
6156
3508
9500
704
7745
2483
9803
5037
7866
5749
9804
2612
4899
9066
9032
1198
7295
4076
6649
499
5258
3819
6281
2993
4012
7239
6639
6268
7248
2218
7598
1911
7937
8496
7323
6411
5654
8731
8388
4850
2175
4610
8723
6948
2362
2704
57
6864
4208
8508
6891
1896
6588
2501
9131
9501
6176
4330
9814
2346
9156
10
7028
128
9111
5533
2283
2731
8919
8140
6392
5638
2561
9303
8398
655
4046
4171
5308
4684
7273
3402
713
190
4300
5837
1770
4219
489
2398
6865
6703
6742
4955
918
2055
7038
7437
2820
6362
4226
7154
8794
4858
9048
6266
1966
7450
7716
5606
1421
5506
7958
6332
5420
6197
7137
4262
4726
9495
8910
4531
4407
1433
7136
9025
9009
2767
3725
3010
2922
142
5338
2072
2433
7761
1953
1218
6476
2822
2851
8423
33
2260
4395
5538
2307
3115
2651
5034
3158
4147
2597
2786
3858
1963
8491
570
3723
2693
5669
9602
1536
2899
847
9214
184
8182
7366
9925
4067
6557
8581
2362
2189
1455
3608
1935
5505
6697
4249
5578
1164
4440
6815
587
2309
9428
157
7983
5556
3454
2992
157
5526
1433
4164
7883
2683
2096
6994
7918
5768
731
7099
9637
4395
5945
5287
9368
2210
9771
1435
1975
5752
1330
2565
2993
2774
826
5882
4474
9020
7178
7489
1169
438
6662
1627
604
3579
590
1462
2552
3066
851
7744
6850
3805
6715
3901
7254
5822
1708
1422
1514
5232
8645
4741
8984
2134
1812
4104
6783
3009
9421
274
3606
6144
919
2314
6018
8112
1258
9154
4879
445
3775
5798
5809
1600
6013
3498
7308
7313
2641
3642
2827
7599
8945
9723
4866
1318
8407
2028
9784
4627
1917
6025
9763
9941
5772
4863
6923
5329
9191
7408
7493
6171
9004
5234
9552
4236
8040
4509
271
2709
4644
9341
2100
631
2397
5445
6865
7971
6113
2958
6123
6221
7423
460
5079
9067
7094
3904
1732
453
9349
7055
3119
3066
5851
7799
8254
6515
4051
850
1390
9237
4073
7955
586
1507
6597
6190
682
3567
3009
1726
2174
5799
504
7175
2055
5449
5484
9593
980
3870
863
7612
4924
4089
4399
4098
9838
6882
5399
2512
5951
9035
4981
6425
6154
7040
3287
6033
5560
7104
8132
7601
251
1150
7962
4226
5532
8554
5675
6016
8589
2406
6072
6332
7256
2705
5296
125
7579
536
9907
7693
6510
8827
7039
2350
4207
8061
4150
6518
1935
2135
3874
5843
5439
9115
7204
8918
1790
1567
5999
9424
2234
2786
9783
5745
9331
7462
6618
694
2481
5367
1295
2653
1265
7460
1825
8143
7981
4238
3310
4861
7843
2500
3287
9244
6678
7074
3424
2581
2091
381
5807
5558
2927
204
9896
6945
5605
7291
69
9874
5961
7900
1266
7761
1398
1177
8686
5118
5999
7136
6083
6741
8983
9575
7597
2245
4660
4033
2829
8023
9196
9499
8709
1796
3746
4868
8107
6893
6310
2770
5097
9579
2762
6365
7181
7587
903
3894
4517
4725
3151
8516
9570
9023
9653
3008
6476
6997
3227
887
9504
7843
7670
8822
5667
3756
4486
5923
1128
725
9222
7041
1004
8960
5371
4567
2869
622
3295
2109
3441
5304
6674
3642
9523
4540
3277
2865
7115
2326
1837
5673
2691
2960
484
2497
9332
2383
8068
1660
9305
5284
8142
4558
1244
2617
2765
7512
451
481
1171
3974
300
2071
1149
6540
1098
9175
5497
7271
7245
478
1652
5358
4889
4367
6365
2732
4929
2841
9476
7360
5733
9100
396
2617
2476
1493
1424
6397
5698
7914
7759
2595
4191
1418
5594
870
5692
6008
1741
9901
6763
7098
501
9445
8644
5056
3120
984
7962
5288
1786
4137
6286
7968
6365
4855
7668
6838
3903
2743
1283
2444
7947
6849
4484
6426
2402
3356
7855
1731
2894
1823
9840
516
5115
4248
8925
6080
8969
4673
5997
1246
6837
767
9836
5088
1308
9263
2229
1099
8781
2989
7035
9420
7055
5980
8617
510
5244
626
7314
4245
9657
4338
6230
4167
7245
8589
5980
9987
7648
9269
5558
8101
6549
1556
887
5987
4
9834
4440
4539
4509
8320
7688
6981
6555
6228
4054
5319
2860
6805
1508
9797
2561
9671
4854
1183
1010
8785
6772
9433
7303
8043
7986
62
6303
321
551
6112
2075
8347
5216
9166
3908
4789
1398
5839
4289
3504
8948
6903
3409
9060
7559
7974
6798
8758
2650
1625
964
4403
4288
7795
5482
9680
5853
5663
1743
7426
8762
1108
2795
6498
4848
908
1563
7060
2873
2105
9685
8228
7601
1046
2773
4185
8129
8513
2459
1648
1462
1879
7614
2421
2642
5566
7507
3049
8612
6998
5414
463
423
232
7333
6315
2409
406
2146
18
1437
8645
1752
4215
8605
9450
8595
90
9248
6908
4252
2017
3467
4860
6770
3556
5046
1308
