62941
24733
70203
11352
87098
49211
67323
86986
41544
70182
44749
5696
9781
389
19267
31243
80035
85867
80497
24654
99250
35824
12894
37809
70727
29188
38387
97219
15035
65832
74099
55856
38525
76254
34323
80096
35850
11135
27587
17974
63733
79234
8487
52581
32973
32809
31667
96067
80834
29228
26046
35056
527
99677
38792
9750
42381
95117
60857
43643
94763
74969
89544
69905
23540
55480
16866
72133
6424
96129
89065
66225
29188
94133
78720
93998
76282
75321
46485
32448
50032
59567
84912
53146
57770
25011
49164
15435
99633
21929
78075
3262
48662
54220
19351
93292
32738
67944
72674
31689
95706
61841
43750
97250
80821
8117
76084
43113
524
69903
15525
29290
77595
30106
24391
98618
39214
41794
96511
65021
56608
22678
31309
1558
60563
36697
73211
93751
53869
65836
76342
66744
19496
96176
26541
29701
11672
76303
63406
66639
77619
26315
64944
28306
30287
23135
71597
40369
91459
664
96083
44592
20311
51057
3977
8818
53249
38307
97228
75670
82020
86370
79855
97505
86795
65067
18700
93648
36981
57771
67002
69776
19236
33034
69653
12941
92222
82788
59297
77927
38693
20481
61970
71281
14081
75319
20614
95293
76564
62254
8674
88290
26528
75070
30584
62202
39321
70787
52203
1489
58712
45988
17305
60860
89317
83387
61368
6564
31029
15028
38489
1475
55075
27306
77592
53850
15655
60214
8839
80708
11617
79477
11903
64270
16181
21058
7130
25509
27573
74167
99429
81033
93700
11858
96762
86547
52748
10694
45527
11198
23540
96474
71728
47627
12594
7858
72885
17796
92177
82298
71348
71870
24261
52461
17396
60894
86343
52031
47684
72678
31127
45864
20526
15819
96306
45052
14959
8199
45599
67205
61973
91453
13813
86258
23283
26413
24685
93174
6458
4114
68342
75378
76123
63685
68526
2022
97408
51062
85657
95771
39488
22490
69011
45182
22878
78265
45081
66043
61917
3751
77832
20538
23763
18367
70232
69907
59811
66974
36288
39237
16710
17367
95235
61258
49122
99512
13895
78359
87009
17238
31879
59323
90151
47120
19109
71445
81702
2293
83972
98965
17212
36826
24537
58000
5032
41171
28087
25424
39962
99266
93057
19273
99223
2330
67966
36308
23858
22090
34893
82484
56381
16323
8311
68131
44278
65851
65823
7175
1287
70262
30718
62785
53292
20974
28613
50772
39322
36241
15965
51074
25582
23908
43030
34172
20240
7571
90389
99059
54401
16595
15097
89082
53165
39200
33953
74921
11012
5329
55415
20862
35162
73514
29823
72850
64216
43363
74327
17778
77032
18753
27792
7607
87052
40572
2587
70710
9311
40398
6673
25646
51599
46315
23933
43162
88698
39115
30876
57583
72239
86838
64205
33089
60905
55289
29713
59996
63049
9652
73479
42599
51319
53683
33600
51182
55254
3164
14891
54548
36135
87687
22350
97133
68114
4276
59477
70003
83695
69094
60044
90540
35315
44199
4975
95263
25642
92037
66026
83417
14992
83869
49523
21774
22118
33779
45228
99427
500
35530
64540
8302
11326
43491
63704
88447
27848
41260
79169
79584
68426
46310
47927
87740
15265
16708
65962
62317
72426
52184
74284
18823
16574
15196
18907
10700
48008
66750
18951
57990
13589
27731
10099
61519
12388
86764
5507
38352
7732
81433
38121
93736
90016
75666
