1151
6551
4573
5648
6273
5085
8441
4412
8519
355
667
6575
4084
3010
6860
6427
4833
9841
5094
5410
9779
9893
7750
429
4200
717
74
8653
6511
7287
6291
9169
3002
4295
9197
755
4324
55
4775
3464
3217
5110
7921
474
178
9056
1691
2974
8081
6413
937
3465
7595
4284
3229
81
7065
3929
7401
549
6511
3456
1466
9503
2175
2508
5659
7831
6547
6362
8044
3887
8977
4598
8007
8711
5292
5565
6350
2458
5354
2871
3751
5873
6708
7919
9654
8333
9705
1741
2519
7347
9942
2787
7159
2658
8540
3272
5355
4946
9885
9954
3803
5067
1819
4108
2870
3126
7177
5841
8399
795
5710
4641
265
3078
7669
7282
4559
9150
2628
7788
5684
1041
7308
5199
5956
8075
2199
384
4753
2311
3694
87
4291
256
4890
4162
2587
8583
9096
8363
272
5005
454
6455
3274
5800
5573
8213
5577
7166
1504
8210
6238
7914
7043
375
6614
3187
8471
78
5608
4953
2412
9603
2935
7787
2679
9469
248
288
8765
9038
9599
895
7541
6153
2116
2144
944
682
7876
1939
6597
7369
7800
6589
1624
4758
7676
192
7905
4529
9607
6849
6587
4514
2823
3221
1226
8643
7071
4446
4136
1067
459
2240
613
9281
7476
8772
8499
8637
527
1968
7096
6843
130
8281
6331
8190
2905
3836
5507
7199
6016
3700
2774
8437
1883
9658
935
5078
400
579
4662
5521
6807
3194
5431
6394
6131
8827
4444
8894
2550
3553
9290
6613
5125
8272
8746
8041
8390
3871
6591
6433
149
3810
6622
1569
4244
1807
3541
1830
3114
2861
6468
9647
2231
6724
747
9259
6864
1807
3781
9853
2388
7425
8081
9610
1882
9125
8616
22
7622
9116
6192
6899
3398
8911
1783
5118
2106
4280
5210
6464
8855
1231
1461
2607
7492
85
1035
9768
7358
573
1566
8418
9832
9755
4343
9070
6409
6754
4330
1273
2584
6350
7756
8640
3037
6174
7428
3378
2984
8645
1303
3737
7106
4391
1951
4232
7487
6352
9094
5826
3445
9311
7557
3820
153
8057
2194
376
6978
811
7135
5598
3216
8097
4807
9592
9555
2067
7791
1476
9363
5164
229
960
8978
4478
8556
7229
5852
1170
287
2986
7686
7515
4276
5529
7612
793
5969
3530
7878
9126
9602
9281
5093
6227
9400
7619
3846
4596
8637
6011
3742
6271
6769
5635
7247
6487
1405
8682
1497
6862
3934
9689
1083
623
5705
1119
9682
2677
560
2061
3108
1460
5544
8528
7240
1503
3489
7543
2013
4859
273
2216
6382
4902
5568
4216
9934
8036
3950
5410
9255
785
8551
1956
6976
4050
3981
3082
2330
4364
1836
5054
67
922
8709
7679
9295
9543
7381
4351
334
9091
8813
8192
7899
6822
9830
4827
3092
141
4630
114
1423
6771
9893
2624
2337
7969
6486
3978
8110
8050
2184
3580
3806
1642
7835
5869
543
4005
4578
7370
378
9574
2593
1626
1739
9833
3154
1159
6880
1267
3815
2392
9226
465
1997
5500
2419
4003
4347
9523
8653
8160
9608
1742
8334
7974
3802
9922
4311
9526
64
5205
9708
5423
5857
5509
6796
6861
497
7465
7751
8946
3018
3353
3436
2816
2740
183
2756
7575
1296
6273
5850
8250
8288
7818
4236
2460
5610
7167
2598
7609
4280
6453
4210
5220
2449
8431
5792
7627
7880
1566
1650
5624
9084
7719
1542
6088
6016
6085
3320
4269
1643
4018
4614
3270
6404
9261
4099
648
1075
5810
5334
6466
3985
7029
6486
6518
3269
6459
7734
2285
9542
486
1620
1427
6752
221
9634
5308
839
1834
4060
8410
2928
644
753
5256
4097
6083
4732
6580
7632
2667
8135
4443
1578
3151
8951
4948
4238
4720
5644
7851
8395
6605
6404
5668
1232
984
3858
462
4892
3924
9197
3847
1480
8119
8618
7169
9077
9143
1171
7088
4623
1393
7911
2506
6328
9019
9601
3354
793
2710
1928
1867
5702
7241
6914
7739
1108
3667
2708
1687
4911
3108
612
8754
8580
7268
1199
6226
1400
4558
2189
5120
7542
478
3130
555
129
4722
7655
5262
4145
2217
1100
7617
129
8042
263
7873
7925
5740
1648
3554
3070
6790
6416
4031
1589
8529
1460
9142
7748
2008
3401
2480
3857
146
1877
5627
8162
3653
7819
2159
605
6628
6456
6302
3972
9203
9188
6955
867
7835
9507
4118
475
1227
3902
1372
7053
5819
7382
1083
1814
2873
1695
4817
5520
9927
6067
4279
1533
7933
6530
8036
3954
2167
9725
9866
546
8075
9714
4407
4769
9814
8467
9668
1399
4508
6792
5624
8429
17
6845
3562
8389
9794
2012
8066
8139
2052
9295
9851
5033
3840
6328
7961
3356
790
2177
443
4982
4389
3031
6075
9999
1483
4727
5100
7689
4816
9912
8828
3181
1578
1819
2810
7421
357
4235
2384
3638
5144
254
416
646
1461
9752
5404
3734
4267
7859
8241
7473
3138
271
7625
9189
2281
2802
1315
459
103
2442
1627
7793
3398
5589
112
2080
4722
3940
5277
6038
1628
6349
5370
2421
605
4761
9894
332
6780
6800
695
9161
949
9797
1225
8586
1201
1099
2892
3983
4884
1385
9528
9277
1767
3267
2698
3418
6815
49
5028
6289
2013
2361
5226
9396
1009
6050
4279
4657
1670
6454
3546
51
2014
6328
7222
2363
3057
3887
2313
3341
4175
1945
262
2173
8915
2102
2083
2431
4165
5663
1958
4451
5320
1441
655
7138
9186
6830
6609
1057
7145
3337
1991
1370
1473
6216
330
2383
6960
5086
8348
9449
7914
7684
9783
2992
2635
9038
3286
485
8742
5199
4913
5520
6003
823
2215
3920
9065
876
4003
7953
1224
1018
103
5966
964
5722
1856
7676
2983
4188
2133
519
3520
6133
8685
1789
1309
6968
7316
3302
1013
2650
1184
1163
4575
4938
1021
9818
7300
2931
6937
4079
8785
8667
6972
7063
7096
3415
6110
5403
7720
3454
5905
1202
364
5893
4267
7953
7509
6793
6206
4205
7910
3001
2367
5386
327
1341
694
5925
9646
6224
5529
872
4329
9959
3428
3666
9155
8171
8042
9448
7269
7620
4549
1473
3733
3129
3979
887
9574
8304
1900
688
190
5829
2808
4008
6952
8945
9568
5361
679
6728
4479
3661
1465
3825
2861
2534
5141
9999
4900
1619
4835
2623
117
4927
7227
6732
1448
6775
7894
2005
5713
2894
462
9686
6506
5015
4099
6668
7114
847
2967
3152
4645
1947
5105
6835
6958
7656
8045
5617
4350
2901
6013
1779
6855
8224
3050
4352
5722
2916
1615
2413
3452
4290
2889
1755
4900
3359
3623
5718
3203
3055
9707
2514
4113
9178
7034
7428
8888
9916
8273
4704
8372
5291
593
6714
859
2746
8856
8423
4588
1880
9045
8725
7400
7108
5056
6225
2578
2009
7326
4757
1807
9996
1458
666
5699
412
5754
759
6400
9334
2974
3581
6355
2234
9515
8057
8343
2006
4732
3625
3155
7183
6687
4366
5084
867
1696
6815
6905
9938
7051
1957
7852
9647
4272
7715
6537
562
4408
2096
6205
348
4921
288
1936
5412
9347
1557
8051
1882
7754
8682
643
5259
87
3468
5606
2031
9504
5779
1479
1401
1533
4720
116
9961
4886
5635
8650
5004
2608
4111
3109
8728
8585
4029
5831
9820
8536
883
9175
1715
532
1953
2672
1740
9432
223
3688
8396
3005
8174
8168
9438
3239
1424
9181
68
1654
235
4261
8067
4908
6150
4595
1523
7405
5329
1648
7387
1950
1276
3859
8966
692
8304
9394
142
5759
6135
5321
3247
8709
1853
3340
8000
1257
9896
6364
8611
5591
8177
7116
7912
8730
2966
539
766
9365
6816
1891
1685
1031
9543
7322
5054
2031
3460
8328
8966
9283
9572
4252
8961
3574
2688
625
7862
4016
9441
9594
5644
4034
2363
6517
62
7351
6454
9405
8315
2890
4882
5861
1426
7907
7736
1544
1109
9292
6643
3341
6860
2866
8374
5053
1303
6992
8535
6315
870
7794
3463
6531
6210
2719
4467
8114
1841
4505
3216
4540
7123
32
2519
884
2840
9660
7942
7731
665
2807
3249
6932
8414
6016
7616
9395
8718
9683
4858
3921
3157
2698
5586
9402
8111
8708
3034
1
441
8869
7297
3785
2321
7219
4608
8588
5980
8827
5352
2137
8652
8044
8471
1519
8435
4124
4571
9568
7646
3120
1391
5081
5212
3161
2932
5732
1061
8612
3417
7952
7586
2202
7370
9382
9251
2670
7578
6856
909
5789
5207
9314
7402
7319
5891
4283
5695
3048
2792
8804
9965
8651
2347
2646
8891
8484
9816
1985
1885
6995
9689
1848
932
7183
4572
1594
2768
1193
1230
1827
2597
1850
2172
5428
4552
6275
6588
1572
1897
2915
3508
87
2161
6219
3520
3348
5136
525
4882
7384
33
3041
6932
166
5013
1231
3884
8610
3575
3121
1644
6561
8186
7887
9821
462
7075
7479
6049
3609
2977
5302
1167
1848
6991
6832
8144
2368
1254
6749
3419
7307
6530
5027
4083
2011
2652
6155
1896
4001
4317
3540
8329
7156
8467
8620
7489
1196
4666
282
9709
1729
6235
4631
8426
7493
2297
7276
1094
4160
2547
1872
7472
6520
9304
4069
6105
8547
2933
1301
4465
7231
2911
2732
334
8101
4151
356
4058
2806
6831
6683
6967
1558
1822
5038
4610
6402
962
3006
1133
7199
5038
8451
6385
4927
8860
3137
7517
9020
5709
7257
1797
2348
4582
415
3968
5303
3165
128
1291
1678
7422
399
4099
1628
3805
974
3625
1394
2137
1153
9373
2073
4040
6857
9347
1986
8248
560
6008
732
1573
2437
462
633
1336
3330
1503
1005
8827
4485
8347
6009
6090
4385
7532
5486
7290
2599
424
5684
9454
7693
252
4295
4816
2215
7476
7889
171
9950
3675
4216
8272
4545
4679
8247
2250
6477
2202
7117
5241
7112
1237
6403
7406
9860
27
2545
7242
8225
333
8004
5002
3253
3053
8248
541
6326
7200
3691
3806
8953
718
5352
6325
1476
6964
2384
3373
6180
6900
8393
8880
3838
7338
1014
4394
2642
6653
7199
1700
965
6796
96
4900
1027
7739
4764
9448
6862
7609
3252
654
3272
9840
1978
1418
6100
948
7857
3789
5074
1749
1034
7293
2062
4426
7560
9061
173
5046
4724
6866
5545
2089
545
2762
9851
1466
3040
5909
4606
9035
8163
7861
5195
207
3699
8200
9746
1911
8838
8088
9704
5761
1670
1757
434
6433
1370
5372
2049
8883
6523
8546
2324
3949
2486
5434
6896
7899
3929
2870
8028
7031
1585
6386
3570
4029
3335
9877
5803
820
919
3696
10
3803
4262
1177
7195
3823
9333
4954
3596
6293
5054
1702
1917
8042
9460
6765
2633
5683
6489
3984
6241
1251
2559
1936
6851
6816
6625
714
3627
9843
2695
5113
297
9428
3002
2979
7073
5142
7695
8063
4887
920
6713
933
9851
1628
1668
7428
3016
2959
9957
5876
6449
4715
2866
3347
9524
8608
9763
9926
4142
1168
9136
2692
5605
8177
3867
8072
1607
2597
5262
4773
1619
4925
6460
5149
978
8255
7973
6867
8215
2644
8738
5283
3632
1975
1838
5479
5900
5269
6494
87
6004
3585
7697
8273
5224
5671
5940
6312
837
8957
6129
2842
7535
7341
9898
7191
1650
3513
7372
3373
7783
9021
4253
4820
5459
2991
7405
2646
4909
2319
2864
4124
142
5199
1004
4206
6251
5334
5773
703
6789
6527
4257
3534
6422
807
7681
1644
1904
1759
5670
6427
2887
7124
5148
9282
1538
9342
7703
6933
9201
3353
7606
7645
1903
7887
7784
1775
572
915
9376
5116
7407
7348
6379
5170
8858
4111
2454
9900
9037
838
256
1805
6158
1631
4008
4543
2159
530
7172
3273
7545
6543
8402
3615
8350
6668
92
5491
7907
3519
6082
9027
6152
652
4289
7768
7148
2923
7329
5089
2080
4866
6609
2546
5297
3229
3289
10007
27
1718
5383
3286
1382
9543
4637
9171
42
7003
2091
7759
8809
1434
9147
6541
9787
48
6222
6637
983
6358
3263
9472
989
8734
7879
3533
7860
9232
6984
9909
7780
3995
9384
4282
6769
5892
9240
4607
2893
8510
4186
9371
5870
6633
4966
3390
3296
1197
6240
7188
1824
1792
5341
1978
3926
9094
7608
834
5290
1024
9214
2253
7894
3409
3847
2908
588
2000
599
9205
1840
8587
3478
3130
696
9863
2515
4844
7506
7582
5034
8527
8084
5400
307
7062
3340
837
6860
8791
1083
151
3507
5441
7418
4655
9585
4373
905
2628
278
8939
7223
6693
372
7259
9521
9756
9566
9288
584
8690
5638
880
9635
9268
6866
9086
2748
9369
4844
7320
5353
1272
785
7775
6080
8943
4233
2046
4545
9561
5126
9680
4527
5197
8583
8068
9564
2844
1218
9523
6056
2443
9255
6267
2799
4897
7047
5043
78
7485
161
2727
9382
4554
7841
2092
2824
4784
2946
2916
1249
4548
8439
2912
2398
2510
2613
5116
4023
5671
3701
1247
1763
9949
8757
9220
7433
3919
1670
1904
9760
5676
1360
2555
4589
193
5992
6348
9510
4560
9404
6854
1070
636
8347
4433
463
8451
7189
659
3287
6545
384
715
3685
4704
5698
9480
7064
7061
1591
1863
2285
7945
9434
1150
4210
7876
3309
9812
9619
7755
2261
6090
6807
9649
8219
5623
7619
6349
4558
981
7004
6583
1338
57
6359
3126
3045
4716
8296
887
9824
5151
2981
4048
5718
7028
6677
5473
2352
9499
317
1685
6067
8391
376
8859
1607
3478
6927
1628
2711
6427
7081
6083
3848
1113
8547
3664
3788
6261
2066
3768
4855
8555
9305
6955
1452
5059
2498
378
5385
7307
1876
7888
5870
9133
1087
3654
8813
3321
3567
1304
2386
6150
3080
2695
9041
6013
3714
618
7409
5614
1770
8752
2778
8493
4002
2148
2671
7046
7740
6616
9492
2740
9319
9690
825
1049
1564
3971
3874
148
1248
1118
499
9080
3014
1057
6614
5224
1806
6569
9925
6476
7779
4654
786
8773
1155
4284
2216
702
7810
4883
4071
7692
2014
7538
9483
4565
7110
7335
1684
8949
2318
9182
5328
890
3095
7728
2541
2081
7738
6834
5911
7242
8631
8982
9578
8888
7675
2034
3897
7818
6861
4815
8361
5306
6328
3946
1618
5884
8248
1549
2973
7494
261
5516
4714
8816
7552
1917
6587
3486
826
8352
101
9803
7277
5412
707
446
7543
768
712
7396
4824
3950
811
4024
1673
9444
5704
2381
6163
3852
5882
3826
5055
6384
2373
481
8855
967
5233
5174
9771
3965
6562
5382
6808
4685
7843
6318
2017
7109
5959
8441
3787
6001
1137
3264
7793
2840
5777
1635
5697
2835
9139
9024
9451
6253
9856
7896
2071
1975
5460
1179
4370
7454
6295
7896
3950
9185
1116
9499
9785
2932
9521
9789
5068
2330
2115
3959
7304
1688
2089
2243
5465
9357
580
6134
8749
1357
2846
3142
4561
46
4328
5049
3403
2201
4763
7206
6073
5191
3687
5821
8563
1030
718
8504
6889
4621
843
503
6637
1041
374
4672
7403
7585
8813
5905
481
9124
1476
6528
2937
1288
8901
677
2402
1219
7165
1168
4506
6375
4408
8598
7608
3095
8849
5373
6795
8485
6453
6119
1740
9306
7776
6667
5179
3318
3950
9153
7197
2139
7755
8680
2045
9794
4030
6710
5181
9052
1676
686
3363
675
737
9381
3832
1485
1526
3073
7063
6752
2089
7375
4584
2092
9503
2910
4864
6825
4751
3617
7539
1122
3879
2613
2428
6257
1859
4700
6478
2235
1135
2010
855
9380
3132
7422
9895
7976
5473
4023
2545
1083
3349
1454
3768
3526
1283
1231
5932
5913
6998
7462
727
6406
5647
9389
9168
8282
6213
349
8574
8591
8139
3092
5029
6102
3534
2502
8930
8885
9352
4202
1610
1898
8797
9488
1112
4537
5377
5359
7405
9564
6933
1047
2277
490
2114
5286
4190
8120
4401
1572
8752
4648
3688
4973
6280
6700
4188
6944
5304
2328
5549
1889
4799
9681
6457
4324
7268
6750
8407
529
1121
4086
773
3845
7005
2509
3505
4689
2433
8333
7957
8949
3645
6574
6753
2285
4831
9212
9914
8784
5742
212
5531
8874
8871
308
7300
1061
7953
9240
4563
7994
8128
3737
6253
612
407
5028
5513
776
514
1943
5391
9612
2055
4185
7058
8284
1261
4280
8024
7989
3316
2670
5873
4207
4540
9873
3630
6247
5148
7763
8878
2068
8460
9162
1297
3836
9387
9716
2960
1176
3220
8767
7232
9883
5151
5063
1228
9558
3542
6629
3048
9131
4350
281
8296
8080
9891
7206
6287
2264
8463
7150
5516
235
5836
619
5596
1447
4470
6375
9490
5628
822
2177
9309
5370
2794
3106
749
6368
4133
8904
1219
3740
1602
9630
4355
7505
7059
7891
6874
2077
3715
323
948
4477
9398
5458
4352
4094
5925
7015
7516
2324
564
5282
5244
385
4954
584
435
7995
6561
1535
3534
409
5591
8093
3061
4645
1079
1268
9910
2408
8382
7612
6775
8280
6094
8023
4016
6994
6862
6393
5013
188
6554
187
8992
1950
4336
1014
7708
650
134
2757
1794
6487
2351
8203
9803
9452
9779
8772
6901
8701
8977
5457
1594
7445
9654
7699
6925
8400
5235
4392
1793
9214
9441
1484
3121
4892
4635
6494
9311
3725
2180
3327
6047
6037
8218
2841
7806
6359
2601
171
487
1229
4903
6173
6004
1437
8182
8187
9627
3147
6229
8071
7228
5951
6703
4744
1589
1565
2935
8042
6322
1056
8822
4884
8295
4042
107
9777
2960
1205
6746
3558
1591
7599
8705
192
3941
6513
2158
3420
2554
2979
5409
1357
7138
549
8163
6917
4460
8143
3618
3041
9614
4519
8365
4739
9118
3552
9723
8072
6615
9901
5820
7715
8780
8959
3062
7660
1480
1947
8043
6938
315
1139
7581
2340
5430
5559
6422
8609
7523
1502
2164
6830
333
7171
5594
1774
9428
5897
4875
6559
2726
4953
5151
867
5826
3955
9
5871
4748
9904
6627
8379
3485
9168
7762
1694
3521
5558
81
7165
6839
5581
5443
6659
211
7990
347
9978
9588
1396
1582
1591
1390
1902
2392
9670
1814
2441
3410
8398
1267
3593
59
5358
3439
3385
5884
9617
742
8489
2001
4653
5544
5361
7974
8685
8446
4671
5892
3632
1838
5957
4145
9191
3305
2288
7381
1507
2380
2588
716
8743
7095
1354
6462
4199
3089
7084
9259
1987
606
6363
1438
8902
4897
7212
2216
6073
6758
7061
4829
4802
7885
7033
9148
3103
7238
3181
8404
5662
3320
7680
9108
4522
9596
9474
1298
4509
3947
1998
2295
3919
413
10008
1373
8623
6519
2702
9394
7970
867
5181
4710
2643
6228
4446
7153
1618
9358
3420
1665
9555
4271
9660
8707
9936
9441
605
4595
5542
9251
9066
785
747
7955
9558
1341
1689
5163
867
9642
6962
3383
9934
5389
4560
6297
417
8660
1923
5163
6393
1988
583
7895
6275
5230
6390
5629
8545
1854
9554
5672
6628
7085
1929
6612
7898
6440
4695
5791
2889
4556
8766
9596
4836
6034
2380
569
5328
2800
9254
3537
1427
651
8251
6308
3009
8226
5039
7025
91
2875
5281
8543
9841
1144
5238
569
1735
698
4283
7060
4909
3578
6039
8176
4103
6381
5612
3548
2765
189
3504
837
4300
7294
1972
2146
42
3718
6824
9961
8072
9795
5243
6342
9932
4234
875
3320
4292
7640
6214
7765
5417
7631
1510
8390
6401
9935
2106
57
9916
4227
3049
7507
303
1887
9228
5369
7851
1372
2710
5866
1994
3078
2645
3256
3627
1472
8693
2360
7308
6958
6749
4947
5963
6548
2375
5595
9015
6258
5695
7362
6762
3810
9806
9970
3534
6415
9864
5013
3031
9957
5188
1274
1385
4770
6715
7292
9784
2557
8876
528
5587
8948
6487
1405
5905
5329
3576
615
7298
5307
1599
4013
7407
4111
3725
8990
3173
5845
8088
3139
1658
2836
6973
6466
762
6939
6382
9500
1138
1156
162
6488
9429
5119
2672
6551
4945
9489
4343
4576
6660
2583
7593
4378
3730
3110
6812
3578
4119
3815
7659
8843
7871
6179
3221
9775
1676
4135
105
1803
428
3026
4137
3544
3115
8199
3166
7799
2192
3095
4451
4558
676
2711
442
676
7034
3742
752
4265
4211
5929
2228
4054
3827
7827
907
80
4685
2543
4558
5129
8978
9024
6781
6565
8023
2342
2793
8945
5271
2677
8137
3264
2466
3120
408
5500
455
615
6288
6432
1197
5355
8158
591
225
2962
4063
1880
4877
8367
3675
1606
6994
3052
1376
8595
1382
89
3323
9778
2352
4080
7173
6733
9701
9442
8653
8424
842
2709
8441
8725
3898
1494
2363
1465
3421
9551
4692
47
2530
6602
2370
1218
8834
9701
3381
89
644
428
5925
2764
6033
6564
4159
8487
8125
6805
8107
3785
9402
3724
8149
8199
3967
9377
2588
7474
7080
1407
8606
8474
6143
7669
2326
4075
1251
3208
3132
6859
7162
6482
4510
364
3906
3451
935
5369
5308
6492
8210
2571
567
593
5254
3064
3031
9664
453
3295
4460
2575
3514
2398
5845
6406
2348
8034
8941
6604
7012
4070
8592
8682
649
7180
7410
9221
2552
8433
4140
9392
8561
1445
9699
4668
5018
4171
7779
5052
23
4695
5390
949
1990
22
9929
1964
175
4506
7364
1960
8656
4034
527
5452
9957
4116
3409
2982
6889
8571
7802
6046
9698
5098
2805
4461
999
1367
1609
3852
9001
7235
6937
2253
3632
3737
8161
987
6417
7687
2147
9773
4231
9997
8041
8617
3754
9649
947
1819
8281
3350
4116
7801
7063
1080
818
7371
8937
6525
4854
9007
6479
8378
1209
9080
6869
3787
642
4501
7116
7546
6183
2547
643
5508
1002
9717
4751
904
7059
6519
9715
8500
2518
1962
6193
9112
3297
2168
2707
425
9847
5987
7190
327
6962
9097
1858
5664
3756
6350
2107
9149
6816
9341
5396
3067
5076
7332
9024
323
4878
8734
4242
1404
5428
9912
9015
8031
1075
8780
2034
9952
9302
2700
1237
1302
9564
3537
4476
4074
8569
3344
1222
7751
4744
3382
3812
3389
4682
2904
9468
7228
3946
5718
6859
4334
5784
7718
2639
8216
515
3874
4503
2040
1241
7265
3327
9545
6606
2659
9467
3008
7038
630
7240
736
4336
4663
5396
9653
7059
2644
5745
7904
6923
8046
4567
4266
8904
2526
79
959
42
5080
1394
1889
8712
7424
2211
6122
3245
2772
5252
800
5308
9029
2363
3510
5320
9492
3704
4490
9871
5061
9579
1124
9964
7812
9222
7115
4724
9935
6023
5724
3769
2291
4367
5140
8424
7533
27
9352
7924
1361
4917
5136
4571
4071
4571
2559
9705
8782
3486
6836
2451
3429
5186
8504
9921
159
3479
2795
608
2495
1499
3493
8614
4572
8405
2726
3161
2322
8865
1433
2410
8472
2687
3567
9728
3038
7093
4747
7099
9865
7650
9078
655
5224
8119
2659
6160
4170
6866
5793
1017
496
6886
8401
5674
499
5722
5247
6134
6389
3407
2691
7826
3156
5783
3136
3592
670
8634
985
6451
4095
9683
5354
2946
1079
8527
3477
4248
9232
4180
6026
7364
1084
9075
5613
8464
9903
5315
6650
4471
3281
6358
159
4151
6994
3412
6259
1711
6282
4740
1419
5848
1106
1081
5787
2577
3268
9862
6873
842
7358
3847
331
4909
5563
2979
8386
9037
6074
4002
6881
1111
9972
8372
7471
2832
7577
7629
3540
6046
85
5607
8866
374
1761
6867
8162
1666
5622
8351
9015
2429
9425
10000
3023
7374
5919
9256
3891
8655
2204
5872
6795
8570
6416
5594
9566
9896
3272
3157
7802
910
8583
2232
3714
2685
8543
2637
8062
2775
5927
4515
6178
1835
8831
2322
2818
5992
8734
9494
7975
4412
5048
538
7780
1483
4654
3427
8885
7740
8778
2215
5269
9274
3504
942
4961
2376
3746
2430
1065
3706
9583
5300
9708
4405
2463
8887
6283
1074
4467
4662
7226
7642
4652
4523
1828
7722
56
2378
8521
2352
9106
19
4585
8004
3532
5358
9925
3996
4072
6647
2121
6111
5665
8966
2535
1919
2875
7415
633
2748
6292
9319
2418
2525
2155
873
216
6613
4696
7676
1332
4635
3574
8247
4875
1096
7581
1268
2857
6754
2252
7198
9585
6613
3791
1891
4231
7921
5816
3015
766
959
8725
5635
6092
2982
1004
7111
5515
8569
230
1447
644
4090
8367
686
2431
7892
6351
5296
9185
9322
7113
546
8908
5711
249
2112
9936
3280
7979
119
748
4826
9557
1357
6289
5173
8365
958
7398
8347
5725
3285
5479
9362
5883
3121
9233
7950
1455
7577
1039
9126
5476
4661
2900
9566
7142
3338
4862
3791
3668
242
3240
6965
2926
219
9606
8461
4390
8653
1403
7737
6573
6274
3092
5530
6107
912
3048
2080
3225
8006
7947
9991
6968
5379
2909
134
7838
8501
9420
9789
4776
7925
5869
1311
2242
2334
2445
8801
5626
3291
1310
5211
3231
2997
9724
7385
8496
4836
6878
