30646
88302
53378
86712
39067
39156
95691
90445
61389
20531
15810
8026
21560
10414
81115
30833
96930
53090
39034
64422
65861
81658
34492
32231
21228
63706
78261
36271
10876
55372
89892
85412
24379
25821
21588
9799
80670
74634
37153
20215
66622
15213
56545
86792
60641
43407
67509
44748
28509
76081
78311
13024
86453
69632
10692
10969
2963
31147
5824
76075
47331
20976
1674
66763
47617
48878
44444
72953
34508
59896
86786
27318
68826
12067
97693
51850
37596
64058
9139
8383
70120
22265
5413
60967
20726
25925
67198
48578
68693
22858
96854
20702
51534
70863
30710
99359
91501
13687
41646
48458
58362
28629
66811
28389
79119
53512
71524
87500
79502
147
97561
44977
45992
15036
5042
45992
3506
29326
71857
28620
92139
28991
42118
10704
1705
43741
94167
25800
51438
70536
68659
1532
87306
28748
25932
98449
89986
5925
14259
9709
78096
83660
28483
48974
73294
19880
89786
41430
34996
47286
16270
39583
2773
49780
9334
7026
90945
91591
19422
53585
53110
34404
5684
94867
29805
23010
79325
21445
28860
7458
85895
76645
99281
60655
1494
21191
95475
28678
21920
77633
4922
30302
22774
27926
13836
50798
7882
20158
7334
21017
23909
68253
39900
51796
91691
36544
53920
33912
87094
90075
85744
49003
42493
71183
45866
1232
24082
30298
18853
72717
89088
99858
50190
85109
88939
43894
20967
79715
47891
31853
43516
94111
32905
91094
74379
99802
6720
44693
21608
27117
33974
36410
31180
84707
36872
70414
9704
15792
25269
60814
39813
2950
19893
87765
69949
15039
48732
34437
53842
67478
38420
92983
58589
92653
43682
45604
67208
78404
10074
5403
75373
11057
46614
36780
49976
36629
22416
77788
28989
84243
16432
98297
929
49879
96000
8745
14110
79385
43984
99090
47101
72471
60882
82462
66406
10492
96769
55976
94879
1355
67770
84092
46612
39556
55836
44424
73471
1410
87948
833
12549
79860
14680
81123
5031
27698
99797
93746
37101
83695
99544
99041
14275
44913
17578
23136
36857
38672
61336
58300
12900
63757
59172
86911
57106
67817
47574
62298
34793
43622
8178
79393
86257
90093
80667
81334
16636
61464
8405
63407
7253
74812
18942
51725
38214
32639
97070
40228
66562
14841
75112
48885
36047
42474
79319
92001
59346
57936
9583
8464
42543
67889
23138
51300
10412
2465
70703
19675
30818
32992
29393
53732
74926
74888
41751
13599
72010
56507
72027
54873
25162
74571
40400
71226
41422
76901
46303
35909
52284
77080
11947
59164
65767
92334
63374
70937
34611
70688
83252
30121
40657
43197
66069
29364
21275
19232
40792
44027
44236
98839
93719
66377
13686
53212
20527
35915
95742
60573
12865
69675
74301
22091
23300
11443
57697
29925
35614
62531
74799
99591
53307
93034
58017
67330
57993
21537
21281
55423
32249
53349
14258
83314
75207
14232
15545
1895
88057
88525
3207
84502
79435
29666
43703
52122
21123
76491
71283
79091
77780
36569
84331
82817
18933
21740
5746
74338
34600
43431
88835
59495
70708
9962
85690
93368
64482
51539
55610
8807
79458
8604
15684
63312
94035
25565
88021
15552
57858
64952
10095
33951
82467
94533
5642
11946
17683
78565
87522
79780
29420
13933
26337
65855
41476
70244
81057
50502
76
63442
99385
71991
81907
68039
85728
58996
96809
83772
78240
93230
20279
2817
42694
75414
83027
52943
25895
96088
6296
41990
43323
30611
39612
52504
9528
23990
78805
2230
19509
57885
83259
69338
63518
92598
22893
31013
18234
9992
58019
93946
88326
21332
92967
754
43315
66073
19539
28554
8459
9094
50438
63085
51245
31633
42002
43445
76680
48515
51010
83592
23045
64755
48157
35825
20661
55008
31207
19863
31028
60162
39594
14793
78541
43615
39444
52241
13438
61696
28145
3287
36914
87070
68115
21109
51975
23385
10752
18199
75181
11201
81436
17183
3037
24302
43776
54273
59626
98772
25421
67472
4280
61330
16946
23289
67115
71071
91676
59480
3505
18724
60953
98841
35491
42133
68302
83687
42130
20561
53370
89705
66195
91336
32145
86259
13364
7689
56928
91806
46678
23107
52901
74695
45348
18500
44021
70499
7538
30272
40342
27483
61078
59336
34240
7301
25793
11301
12480
52245
19827
21932
73413
75682
6804
30019
92260
42089
61397
15120
91524
63695
80093
64188
91352
81627
63326
70183
44043
43316
32419
49641
83088
64016
85298
76974
43795
33171
62873
92030
27117
16251
95086
52299
83391
21379
51622
93448
2234
86416
67439
83669
30524
619
25146
69961
55277
91317
39376
60889
52062
84084
86880
705
73898
34827
95206
21589
63247
77729
82726
2441
68937
70957
56592
59751
35614
19263
25414
38238
90932
7179
1606
31648
31738
95104
40030
68980
24191
21855
24516
33396
88458
61415
53454
94125
34405
72248
71790
10728
62588
96256
12500
13660
28586
36451
50067
68298
10065
20718
36391
23270
58707
54343
64485
51844
80944
37436
63356
36907
29121
92403
17326
97753
35595
20507
92007
77438
95523
18607
57031
30827
58760
26990
94598
80425
10706
38807
37074
18793
64911
63162
48567
96880
86202
93936
86655
95285
95937
97356
42719
11275
84248
5707
26253
36710
83835
61362
47633
35488
42303
23194
94014
13815
33514
89855
94471
10948
56649
74550
99527
50650
82727
80930
62968
30421
68907
66213
67788
55815
78363
80671
55254
26509
76221
36428
51157
41429
34297
6674
47939
39803
24822
68817
21945
20534
82291
45548
23911
80732
52030
65123
81726
88571
85216
56885
75931
71955
90843
68631
34710
46
18164
58677
83998
83004
17851
41708
46293
51229
55595
4102
32364
37099
29277
63847
83534
44472
85492
97986
83475
57021
50044
60333
10790
79263
21434
42081
84870
29296
68425
55738
71282
72574
15049
52167
22085
23348
49033
39556
85511
73191
66173
77863
48116
71561
81312
60339
14957
58221
67465
92067
92339
42795
47198
85662
46345
76843
7483
84179
91533
700
2242
98748
61378
67365
37482
29125
33915
15833
75951
89818
24937
55123
27355
50179
73790
70531
49196
89210
59766
91257
52642
7879
71490
20624
74807
2461
82377
57688
20262
54260
81808
32946
54220
29152
90704
36616
65471
12066
70678
65229
73900
21401
49016
63528
82262
24421
75074
10547
2323
81830
68741
84390
30915
7729
35446
78561
85577
2384
21653
21663
63206
13182
72566
25531
43137
27407
51499
90502
14999
82457
18431
37247
65043
63607
26527
21086
85675
49313
365
89520
55242
22101
3183
98746
16892
79360
33512
86116
84748
67680
58703
88281
44676
1306
64981
20643
24708
46954
41702
79666
31428
47745
81359
69174
95102
79256
27424
72322
11340
8569
10276
87724
53056
71613
5275
70295
40746
8094
80507
25118
47519
36343
99871
83344
80232
40529
76446
31159
34682
78971
84129
24727
20532
23197
79008
8051
44595
85681
84705
54448
42735
94695
32826
62034
56455
77644
50050
70617
38322
3540
43988
64611
32487
55161
51378
98846
87936
75375
83028
2718
33384
1653
8972
84079
79254
11258
16206
87712
1700
89078
58750
85849
82880
83737
82710
53881
66146
98843
16228
70912
55737
43591
82626
17203
75172
7152
18319
93655
81899
28198
16276
50440
76106
59120
82250
60114
54418
9117
55277
34170
9183
51148
52645
4211
5312
44046
93229
39326
16555
69645
20554
95621
22289
26878
26251
26488
75919
29929
85261
94162
36326
77014
24402
69392
33967
69070
27759
34248
21301
38248
13877
42950
30107
8744
978
94164
4192
47617
51870
89170
4661
74684
22167
5517
92048
44984
12994
79655
67883
96119
4724
8497
46688
22078
61728
42834
53030
48978
21126
79838
73156
98779
80198
19969
58622
98523
70517
85895
69603
86386
29943
42978
64127
91367
26519
75964
42330
83828
77994
67397
52401
52942
60379
40615
64463
12077
28893
19218
25271
58051
90675
83339
71212
25939
83361
74874
72689
38108
18198
62637
10240
85385
646
48945
39020
45825
16008
58606
95476
64769
10273
13071
35646
77349
23474
26284
24970
37251
58814
61053
65703
73702
51868
42062
45653
79918
1244
68973
94952
42836
73493
87267
92726
44214
77702
74147
12827
98048
52945
3782
53280
27979
97899
87655
62748
36345
19000
5805
56659
39918
20879
68370
65045
91663
8833
46099
47661
86069
89740
79865
40272
75191
47530
28549
62095
71399
24889
38212
55618
87879
70473
89912
92549
8259
36615
5495
85264
39231
77830
18302
36821
84042
96836
42327
3415
68056
53323
65235
93982
29797
38522
73435
95013
48135
28712
36307
68106
2110
98718
64463
44013
17776
27853
36231
32383
10189
86559
14585
60161
97926
71127
95093
60374
34819
77815
69812
6790
17005
9695
3902
70641
49415
3101
83286
66478
64918
92854
39656
59910
71180
66318
98332
94994
67298
6475
40905
74879
14973
14230
73764
17120
94445
95899
43527
15628
31563
66526
4166
97641
61632
28472
47349
73699
99141
98780
48755
50405
62747
65249
38761
74795
27646
40625
34323
77797
41912
63410
39308
76230
1492
75642
90865
10988
76452
1044
88232
39610
80381
84115
7305
35831
76376
633
9923
50968
58871
25522
2225
40003
87843
29444
67204
50353
34097
50758
51608
69248
80969
32396
89780
93447
71517
46530
38496
17663
41859
32895
95356
41790
71414
11501
43153
73759
24299
7343
34329
26908
6751
96114
44068
70134
72398
14457
39100
76610
88595
36255
11074
79499
68058
84170
23998
10398
48011
75338
82669
46977
59512
48724
88146
69083
94252
91688
56195
62348
24708
60926
95312
23167
30620
34356
54427
57671
81472
32813
81831
87475
940
25168
66116
20702
51746
20957
70144
76034
20878
92625
34603
34582
78441
68419
15623
98879
51788
91841
45215
12094
80306
45898
63035
76172
44880
59582
59721
16511
70618
6192
47387
37969
49520
48948
75934
47594
5516
94342
53218
5048
69963
72769
64701
49081
28234
90406
63493
56205
86278
91500
27261
61119
64697
66578
37954
54567
66121
85123
96134
41720
8557
62199
99546
14570
29178
69045
54499
32976
40292
23223
96103
59337
48015
87509
95452
9208
13231
79878
29291
18245
19345
77221
62631
78188
55568
64432
28489
66232
49135
39480
5286
22201
64238
4394
28822
9608
84834
74017
12358
69025
21089
36847
1599
89179
81173
67675
15845
51723
94146
13447
22052
46292
62582
19036
83773
33566
99056
7525
97846
6047
58248
62289
58376
44141
25901
71718
64399
92365
90784
21985
71048
62389
6948
26562
26599
89949
53663
65748
23993
91931
52002
72582
92353
8280
41147
83824
85965
96413
52426
74519
79256
71442
28125
50020
29294
84204
89355
62100
92635
91882
8264
20495
89795
36187
66645
75362
95574
34424
47961
227
68052
17626
16785
11716
10742
25287
54907
50893
44042
25522
41007
39334
11230
92033
73616
2903
81391
98267
45536
50589
19322
11421
55665
25516
54240
59615
10979
54732
6152
91637
90319
13005
26682
10353
66440
62886
45691
54107
47395
75036
19151
74624
99483
34259
55757
27668
27986
44738
14852
87820
92863
55030
33173
85695
48412
12131
16902
64556
50640
45134
87722
65306
47149
43490
70032
30207
4918
47366
54067
62853
47963
57670
17067
97720
44938
98212
91987
6780
63198
7568
83751
42767
91747
61188
4272
80937
27436
21150
61220
23494
72804
57860
12274
1727
18398
20038
95835
92010
89158
11979
25914
46414
22089
45342
94871
91029
83674
30716
15931
337
71762
46668
46563
51378
25192
33009
59819
49352
18887
66612
21784
99732
90276
54570
20330
27278
24909
73293
91347
15079
30051
2438
2898
99914
2187
52373
105
44632
47083
66893
12536
63985
97306
43286
34235
33974
31726
63757
50513
10275
51288
5342
14088
79365
18277
72457
32669
45080
56011
61382
87339
34574
4047
76365
51798
90519
71248
87752
91069
70465
17674
66621
49739
43520
5701
77459
95683
49851
34728
37697
65538
10956
65250
91425
60842
27726
96914
2753
98245
35914
61819
32682
11089
16355
14176
50469
26246
91748
6016
75308
52300
91350
57809
57196
87937
80057
66603
68097
35676
6514
90478
91609
61921
44704
90672
38768
90993
99907
90688
90201
7794
94376
73586
98847
76597
1365
77622
17821
42112
9831
70495
67421
17924
60860
39035
35955
73806
59195
48560
92732
50878
41001
45700
46986
97111
91356
41689
59237
36374
57164
56582
59582
38831
34571
40586
36424
72131
68767
26305
97115
91089
25025
85059
49101
61600
6896
58969
5388
12829
56788
16058
1871
92098
78135
54578
67392
55748
75984
16672
96100
29423
32614
94464
52827
3853
69543
24219
60090
98403
99088
5958
22189
16988
95305
40210
92671
40781
36498
28049
64513
95186
72461
76650
22235
35490
16845
30356
53097
43840
18956
30688
25941
66364
32185
21501
64528
22933
59358
97072
58710
16897
9509
90323
91377
26
53199
68148
8385
15118
24846
42277
24309
81391
23468
63464
17904
54517
18285
22812
50420
19614
16091
45508
53682
27280
38980
69243
99083
99691
55468
13448
47920
14896
66811
19263
26456
21671
33745
53004
14468
70616
16038
68645
8705
50698
37456
25428
65819
96369
90327
56409
10294
35489
40957
98928
75653
78059
73606
85311
50559
50148
49873
69359
58026
74716
95978
39837
53435
30826
99576
25817
1919
63162
11817
87246
9452
72408
69576
15691
60654
37249
36347
59546
