4002
70990
7368
14670
36000
36392
99046
93824
78345
45117
24410
33717
21
96280
25966
55228
97833
18196
71423
53621
94698
28996
24434
42626
41467
95746
97687
31639
88251
31802
17671
73252
30535
5782
24130
73418
29886
20625
40358
36639
71758
42760
65329
47593
58977
20643
98400
83574
69913
45790
32371
45441
96448
48775
78232
97509
90047
23036
34453
28065
79214
66512
59395
42967
33437
59445
4803
96391
98107
11531
48894
85980
82862
10340
50951
4839
60214
63689
35481
41428
5359
76037
97042
91908
41046
56952
19858
27741
60632
35581
55585
94673
69447
91623
82037
36137
63107
74879
62257
6156
97352
29082
21762
32427
69927
74283
23018
89753
68453
83355
38429
8367
63646
10952
80297
94681
63760
73299
38685
2058
6589
50752
67631
41732
85291
89771
37415
57242
72933
99157
30371
14998
16065
95366
81405
90329
90364
43260
89619
53680
55083
59858
99931
63380
74455
78797
36280
75163
25085
51333
76016
44281
23684
10302
73015
20902
80406
30832
76679
22108
8931
45047
81168
21128
39519
46630
15124
13544
51372
92525
63077
76757
96912
67119
7110
96650
75130
19366
22041
51612
33071
54802
42610
32950
1822
29893
40325
10808
86389
23915
81896
31823
61441
54726
24811
87899
62365
25760
6235
64065
15073
44658
5246
6007
47696
84012
51770
7172
42252
11723
74238
95741
83659
18672
25623
64924
14399
72393
94764
35955
39366
13169
34170
90732
70935
37335
99570
5485
71190
96108
94823
6610
2572
83137
87416
95328
38273
25856
21850
75563
36610
83234
96052
38677
32501
12763
45203
43001
38025
91742
12523
26531
46450
2825
71812
65320
80451
59053
41772
33003
61919
29596
21411
71337
80602
4343
54889
6705
57145
21163
21682
73178
2413
47964
51090
45618
1871
33124
91735
763
5454
99475
58254
36064
51380
10991
83565
95464
858
74004
24725
74960
97691
9392
49316
75103
65890
14087
94328
55396
96344
30091
22227
24378
65859
26231
46574
92189
2123
28441
15476
56435
86962
56728
20732
40534
72134
14420
50628
19192
55951
93650
40741
781
84976
89570
5377
75309
71771
88941
20248
19331
68545
43040
67489
28451
47077
6159
86924
37035
96563
96590
97370
61835
16266
93635
62178
83630
95157
3639
95309
19323
79735
22278
39209
79396
83984
16089
14637
71716
43392
75096
54638
10535
96897
50962
56319
23837
66230
46155
63779
51905
7226
74498
44486
33698
66911
54564
32724
60601
37301
15380
64998
24297
60400
3373
83607
46661
66719
30496
24771
89517
78406
20171
87690
59264
25203
49874
12662
34735
78346
64325
63150
92559
90806
41357
47097
26983
75550
22316
42058
37326
84568
86232
85709
93412
83936
51349
90213
76305
75956
61672
93434
82982
74863
97786
97479
69333
61004
11111
21399
92161
30744
99769
27558
35807
15725
39101
93547
10516
95740
4520
5601
8099
20664
1757
87652
48876
78061
52364
67042
12671
37362
98604
68846
16933
43102
46300
46446
8649
5899
279
1932
47033
83747
78453
44861
90516
24027
47415
94390
22108
74905
58487
50607
11732
40079
17260
68493
7447
88465
31487
5345
6521
10530
87879
11971
30298
21543
50714
10417
91739
607
37745
48838
43852
33803
15409
45889
37840
12822
78812
10239
33918
14515
74832
24565
31559
37086
17184
29
2489
10714
3429
40916
80305
23509
98728
82381
29239
21403
88311
11132
47421
28946
85612
7344
28571
40674
50165
9782
1419
45258
55925
84690
5164
31770
27186
11840
79409
95951
4592
76193
10297
32364
1193
7288
9063
37231
31051
2170
61453
99664
9483
93749
97719
13299
59733
34276
50649
67696
14580
14386
49976
24988
91679
57365
8403
35175
70312
25686
13179
55076
1244
9106
57819
33260
86480
64692
19484
52367
44665
74050
63753
6707
30890
26201
29152
40629
69149
78933
28753
67310
61824
1142
8807
5941
67254
91212
25143
98592
54875
14956
88296
52871
26237
3654
40703
17535
71967
1707
3234
30906
76096
65794
98975
45056
9870
46526
66000
32312
37697
12290
61013
61900
19312
57464
95586
55970
27647
59134
97342
59962
61035
90547
98244
7360
66417
26778
87824
51536
70132
31853
67310
34813
42071
41583
7556
70182
32182
62120
24889
3741
76780
52486
98736
25036
25070
92049
83036
87671
65300
85061
11305
40343
82244
32656
35907
18577
24121
58629
1864
73949
57796
55472
35602
13822
88314
91622
31207
92141
85504
73092
66616
86891
73651
86312
92607
93243
66900
14983
28334
37163
28173
52598
95301
512
64717
3091
21934
17884
42182
18230
68087
79127
47020
98687
29046
17409
90245
45650
8441
22683
64418
39035
25711
35363
47638
89708
9090
41804
91873
54084
7125
14283
87433
41521
18224
98213
8978
60548
93157
27893
32371
17481
72733
93491
77551
44159
13246
62430
66397
50413
86687
40337
41457
76313
1047
37580
64266
19491
82069
87681
64745
47746
69175
56232
73944
21109
97203
8491
52990
1520
31620
88033
61733
99373
80822
36391
89625
99286
14139
66629
13478
88491
22586
92993
14955
44316
54635
69072
61176
41857
53934
71427
83363
66712
6133
19143
88290
4159
97196
32587
9509
86052
17487
82067
41822
65219
7907
34122
87031
14354
95054
9022
57680
74700
39016
68524
43616
5881
78343
80236
39344
66543
16792
56481
12784
33897
23599
36070
76382
52462
7793
5984
86403
29070
76921
53704
74555
14205
37098
44067
61317
3783
91888
35660
35383
18881
600
28819
41265
16885
41409
92731
99798
986
23111
21793
37017
47654
96561
87634
11048
66231
81358
82744
40025
907
82479
92038
10405
38383
76263
15586
97429
43696
61690
5732
23429
1095
83249
84191
65939
68752
49767
26581
55308
97363
46161
99210
25404
56374
89181
76701
51334
92323
74189
25144
67859
61306
52330
36818
91652
48201
32573
18135
9136
85586
35420
53278
51315
19970
85763
33578
28821
43935
23044
5913
22308
14042
51228
35191
94549
26262
63731
38073
39674
79358
38979
75263
22697
38169
41289
24339
14434
4755
13553
44640
72523
34774
28124
53442
99931
41186
53481
63969
83522
58851
23277
67268
26188
35073
21138
12303
79763
24717
97442
93075
18833
958
22848
37661
25920
50170
42953
82481
69407
59886
19354
92683
31848
86877
53215
15269
1925
20003
93938
7254
3247
52133
11263
16958
14618
29515
14173
62118
34054
82372
2765
71834
9257
26193
26971
9236
9911
88617
55391
67939
42648
5414
51989
596
12315
44364
49052
58917
89040
31310
22803
68951
37509
32194
78661
85223
31639
65024
85158
74919
34202
51143
99259
67175
69615
91196
48113
62902
11001
57439
25802
26307
72801
9367
83382
